0  四个目标值 -5463.290000000001 24 14.271941397403864 90.89866625508513 5 
1  四个目标值 -4489.183 23 14.910363338379591 95.92619266247536 5 
2  四个目标值 -4679.509 23 15.312613026904648 85.19090972023292 6 
3  四个目标值 -4164.236000000001 22 15.00534211633776 87.1447853003478 6 
4  四个目标值 -3417.4460000000004 23 14.83521659881959 87.88333440843115 6 
5  四个目标值 -3969.1390000000006 22 14.878181203556208 89.9503707682944 6 
6  四个目标值 -4468.417 23 14.733379371582808 99.12262150487939 6 
7  四个目标值 -4620.165 23 14.76292344791151 100.28817173079727 6 
8  四个目标值 -4693.9259999999995 23 14.716047669284778 101.18446099612724 6 
9  四个目标值 -3401.465 22 14.48760646290123 104.58064025687261 6 
10  四个目标值 -3358.876 22 14.355373619621359 105.00910856540378 6 
11  四个目标值 -2976.2529999999997 22 14.10343073150749 106.55220522407757 6 
12  四个目标值 -2042.2980000000002 22 13.497734513044495 82.40898943296807 7 
13  四个目标值 -4501.746 23 14.953643434566589 89.90738442787568 7 
14  四个目标值 -2100.7960000000003 22 13.740396857551175 98.68215582774926 7 
15  四个目标值 -3327.413 23 14.811173386934927 98.80061662285493 7 
16  四个目标值 -3021.885 22 13.948705844669451 102.62917498382615 7 
17  四个目标值 -3242.488 22 14.32822723856142 109.75054503667796 7 
18  四个目标值 -2249.09 23 13.886520191705472 110.39537602743889 7 
19  四个目标值 -3315.741 22 13.465589374598418 114.22747687865254 7 
20  四个目标值 -2050.7280000000005 23 13.911059909797482 87.97916627505529 8 
21  四个目标值 -2792.18 23 14.559244512529531 97.19495519009658 8 
22  四个目标值 -2032.3460000000005 22 13.345510380940391 97.8283856951906 8 
23  四个目标值 -2054.608 23 14.069005178135814 98.65192315456304 8 
24  四个目标值 -2790.089 22 13.944166286268544 104.96798749294611 8 
25  四个目标值 -2052.5170000000003 22 13.453926951874827 105.23872569065779 8 
26  四个目标值 -3409.7920000000004 23 14.574806986165417 105.6477747716438 8 
27  四个目标值 -2167.8820000000005 22 13.478921021304776 106.41445406976361 8 
28  四个目标值 -2268.2470000000003 22 13.497394837237396 106.90234263397258 8 
29  四个目标值 -3672.2900000000004 22 13.762213116693239 107.71520324752746 8 
30  四个目标值 -2923.2859999999996 22 13.631465898354753 108.26449780327901 8 
31  四个目标值 -3157.1240000000003 23 13.612155440321317 108.64657559254242 8 
32  四个目标值 -2048.6370000000006 22 13.295981683536494 108.98358511415263 8 
33  四个目标值 -2524.6620000000007 22 13.835897167171714 88.43306525229951 9 
34  四个目标值 -3901.152 23 14.695489583280711 92.20128579143235 9 
35  四个目标值 -2267.542 22 13.379599405143775 93.94698950528016 9 
36  四个目标值 -2188.364 22 13.32218077618439 94.68710986425569 9 
37  四个目标值 -2536.6490000000003 23 14.465840671540164 102.5046628868593 9 
38  四个目标值 -2534.5580000000004 22 13.850762445279177 103.66129877971207 9 
39  四个目标值 -2858.33 22 13.836760789469896 103.85448876553528 9 
40  四个目标值 -2413.7360000000003 22 13.364462999300944 104.3728459999715 9 
41  四个目标值 -3701.8109999999997 23 14.619007233644169 106.71527672929037 9 
42  四个目标值 -3329.6900000000005 22 14.02870062939295 107.60781113700813 9 
43  四个目标值 -4143.4529999999995 23 13.815148402670324 109.7252424697216 9 
44  四个目标值 -2696.0540000000005 22 13.406916988649375 110.96544610702406 9 
45  四个目标值 -2701.8620000000005 23 14.097342192883172 86.17018606523332 10 
46  四个目标值 -2912.9240000000004 22 13.736126094246096 89.72303428707407 10 
47  四个目标值 -2759.6369999999997 22 13.558837013732642 89.92070604136526 10 
48  四个目标值 -2833.5310000000004 22 13.619329866203355 91.55793649770115 10 
49  四个目标值 -2421.209 22 13.546258624697096 91.99965052336991 10 
50  四个目标值 -4080.1769999999997 23 14.50437088261109 93.36349677840477 10 
51  四个目标值 -2879.641 22 13.6906465929872 93.68154323072675 10 
52  四个目标值 -3630.7540000000004 23 14.412346276578116 94.01919508365022 10 
53  四个目标值 -3227.9409999999993 23 14.385992689745642 96.03577686243867 10 
54  四个目标值 -3741.1229999999996 23 14.078185374051538 96.29305753049496 10 
55  四个目标值 -3070.7659999999996 22 13.655729990612622 96.4964221971606 10 
56  四个目标值 -3332.9089999999997 22 13.896522287301114 97.9669305263804 10 
57  四个目标值 -3985.9679999999994 23 14.04703864355748 98.03528942898498 10 
58  四个目标值 -2860.002 22 13.577310829665262 98.06969867874066 10 
59  四个目标值 -3225.8499999999995 22 13.770914463484655 100.17961573316808 10 
60  四个目标值 -2699.7710000000006 22 13.482263966622185 100.4680567016381 10 
61  四个目标值 -3282.954 22 13.711354472236327 100.61251814276412 10 
62  四个目标值 -3804.2690000000002 22 14.088462127224169 101.22044776039364 10 
63  四个目标值 -4046.8939999999993 23 14.458891381352194 102.00556381525875 10 
64  四个目标值 -4376.909999999999 23 13.764035223647648 102.80185340399237 10 
65  四个目标值 -3628.6630000000005 22 13.797268050317129 105.0241057414251 10 
66  四个目标值 -3171.131 22 13.674203806545243 107.35798291318723 10 
67  四个目标值 -3541.1609999999996 22 13.649432184535472 108.18884116496298 10 
68  四个目标值 -3983.8769999999995 22 13.431960417296493 112.66053666827631 10 
69  四个目标值 -2746.6529999999993 22 13.272807009083184 90.07336347584493 11 
70  四个目标值 -3000.8350000000005 23 13.865909613807354 91.73221972144397 11 
71  四个目标值 -3516.2139999999995 22 13.514087954253268 92.86996806424315 11 
72  四个目标值 -3125.283 22 13.257206496030655 93.34621034354181 11 
73  四个目标值 -3447.2999999999993 22 13.432910340722033 94.39798804498932 11 
74  四个目标值 -3595.2889999999998 22 13.449146335953714 94.85965828986431 11 
75  四个目标值 -3470.104 22 13.442771227469422 95.70105121931311 11 
76  四个目标值 -3641.3989999999994 22 13.520463062737559 98.2270344494712 11 
77  四个目标值 -2998.7440000000006 22 13.250831387546366 109.90369239714353 11 
78  四个目标值 -3517.7659999999996 22 13.342574792266914 111.17491896023222 11 
79  四个目标值 -5066.216 23 13.4407192541506 84.82284535203394 12 
