0  四个目标值 -1567.991 12 8.141565277463268 46.58863652811166 2 
1  四个目标值 -1846.6480000000001 11 6.54019517886883 52.27149877225229 6 
2  四个目标值 -2188.46 12 8.844987945336435 52.21143158656152 1 
3  四个目标值 -1940.402 11 7.326848500225396 72.56948751908537 4 
4  四个目标值 -798.392 10 6.544577652646862 48.822670732766476 2 
5  四个目标值 -2167.632 11 8.031303217942142 65.67379086859091 2 
6  四个目标值 -1008.8520000000001 11 7.260051079172586 51.40397243694744 2 
7  四个目标值 -1469.712 11 7.114767782035035 70.35693919809329 2 
8  四个目标值 -2048.071 12 8.284652081750318 60.421588813668436 3 
9  四个目标值 -1787.38 11 7.2350272443663695 67.14596314802361 3 
10  四个目标值 -1788.713 11 6.8056642541550705 63.551820688725364 5 
11  四个目标值 -1688.156 11 6.525189485476842 51.09414242305855 6 
12  四个目标值 -1279.578 11 6.652808753242802 46.13521394251977 4 
13  四个目标值 -1754.279 11 6.9734937193960445 50.549494228640945 5 
14  四个目标值 -1644.473 11 7.408599037254676 46.54170088135761 3 
15  四个目标值 -943.471 10 6.4238703929799446 59.43721622349545 3 
16  四个目标值 -1567.471 11 6.641576233014252 67.96856958501402 4 
17  四个目标值 -1382.967 11 7.024103302126546 61.450902721604876 3 
18  四个目标值 -1947.9769999999999 11 7.836276794867133 57.22545735342965 2 
19  四个目标值 -1443.055 11 7.297819767831795 62.88552693904877 2 
20  四个目标值 -2123.878 11 7.247057185560104 52.450364758296374 5 
21  四个目标值 -1907.1770000000001 11 7.179928275103081 56.07657532414213 5 
22  四个目标值 -1552.8339999999998 11 7.197372369389406 64.10852325852812 2 
23  四个目标值 -1547.0079999999998 11 6.992154958426541 65.22124570621622 3 
24  四个目标值 -1112.312 10 6.495268664273953 54.04393391683983 4 
25  四个目标值 -1533.117 11 6.892108374669377 65.91634692669462 4 
26  四个目标值 -844.792 10 6.444984046450028 49.629040996228454 3 
27  四个目标值 -1210.5319999999997 11 7.353310625829028 51.52907481903597 3 
28  四个目标值 -1272.1390000000001 10 6.660629180902863 46.85877272654751 4 
29  四个目标值 -1019.1229999999999 10 6.739413445701871 60.843861722394166 3 
30  四个目标值 -1061.7669999999998 10 6.452045075048453 57.96291983633529 4 
31  四个目标值 -1736.819 11 7.958346876424154 54.48806061761232 2 
32  四个目标值 -1425.6109999999999 11 6.736734931473128 60.23668497475396 4 
33  四个目标值 -1179.547 11 6.871094096088214 50.65022520754405 3 
34  四个目标值 -1601.829 11 7.695967407908094 49.40419425856601 2 
35  四个目标值 -1666.0359999999998 11 7.754688376134179 58.51230679866299 2 
36  四个目标值 -1403.43 11 6.673524576714257 58.2534839989637 4 
37  四个目标值 -2084.388 11 7.689655392115349 51.50558006148691 4 
38  四个目标值 -1364.8839999999998 11 6.8901563509831245 49.89248219319441 4 
39  四个目标值 -1638.307 11 7.232206581240204 59.38185899260608 4 
40  四个目标值 -1143.4180000000001 10 7.071850879633206 51.568411389392 2 
41  四个目标值 -1501.263 11 7.0522779841950545 63.11750506059309 4 
42  四个目标值 -1876.905 11 6.973006989261739 54.84266553276585 5 
43  四个目标值 -1927.239 11 7.60929126531438 56.33376939074143 3 
44  四个目标值 -1348.9569999999999 11 7.211397239842378 56.839934687969745 3 
45  四个目标值 -1485.903 11 7.537976375591963 58.72044214503153 2 
46  四个目标值 -1812.4429999999998 11 7.886828053574992 55.565634270074604 3 
47  四个目标值 -1046.4070000000002 10 6.937743466445362 54.59537362255678 2 
48  四个目标值 -1000.799 10 6.777418590456501 47.93322431548315 3 
49  四个目标值 -909.461 10 6.611164330695776 54.32797977658579 3 
50  四个目标值 -1304.8980000000001 11 6.603973750275851 53.61614093409388 4 
51  四个目标值 -1492.167 11 7.567718292902 57.282647377076245 2 
52  四个目标值 -1522.826 11 7.398367323074557 47.20653466085464 3 
53  四个目标值 -1796.417 11 7.477528359936619 48.45052592466636 4 
54  四个目标值 -1738.369 12 8.087710696255739 54.49717584744589 2 
55  四个目标值 -1748.2359999999999 11 7.828107085348908 53.21816866803757 3 
56  四个目标值 -1518.707 11 7.613362820553723 53.65732156703284 2 
57  四个目标值 -1811.511 11 7.536249328162703 52.92233172159817 4 
58  四个目标值 -1582.9140000000002 11 7.6720837887798075 55.66024589642504 2 
59  四个目标值 -1770.574 11 7.443130523480026 55.49739126831297 4 
60  四个目标值 -1596.96 11 7.584082855476142 56.79139145814152 2 
61  四个目标值 -1083.33 10 6.798134413927955 53.40547814828745 3 
62  四个目标值 -945.7950000000001 10 6.710757936892611 53.43667022986773 3 
63  四个目标值 -1449.569 11 7.438382769395129 55.114105571420524 2 
64  四个目标值 -1159.788 10 7.270737490242208 47.779981138824695 2 
65  四个目标值 -1157.464 10 6.98384994632954 51.827369054764546 2 
66  四个目标值 -1652.361 12 7.724376474839259 47.87131277516282 3 
67  四个目标值 -1672.5839999999998 11 7.51256403262698 54.3857770795405 3 
68  四个目标值 -1565.47 11 7.110998952421139 53.976906777434955 4 
69  四个目标值 -1178.025 11 6.584206552175547 54.703225087027015 4 
70  四个目标值 -1166.3220000000001 10 7.016950233962483 48.66446751217682 3 
71  四个目标值 -1711.635 11 7.260862090049464 56.907386323145275 4 
72  四个目标值 -1708.6799999999998 11 7.467320005480761 65.86028094128383 3 
73  四个目标值 -1824.7839999999999 12 7.385510344970468 54.34690489366167 3 
74  四个目标值 -1746.595 12 7.665698743627976 49.59085552056912 3 
75  四个目标值 -1686.867 11 7.366418979374553 55.21001661397821 3 
76  四个目标值 -935.035 10 6.787650304636619 47.926438990179456 3 
77  四个目标值 -1052.6709999999998 10 6.967485383755398 53.33699475452052 2 
78  四个目标值 -881.5139999999999 10 6.6271822400012335 45.54062900677638 2 
79  四个目标值 -963.9340000000001 10 6.073291667567656 48.174649828816534 4 
