0  四个目标值 -2263.8709999999996 15 8.711693873278707 59.53498360637117 2 
1  四个目标值 -2342.5829999999996 14 9.910092294063052 50.49267624456745 2 
2  四个目标值 -1972.2700000000002 14 8.833400328293287 68.53027324863214 7 
3  四个目标值 -1412.1190000000001 13 8.272007869819777 75.65754509813348 4 
4  四个目标值 -925.8419999999999 13 8.259247251396534 61.53866304314505 4 
5  四个目标值 -1107.1889999999999 14 8.565185556460701 54.597653748190254 4 
6  四个目标值 -1764.204 14 8.831504107549007 74.89030396110243 5 
7  四个目标值 -1190.8799999999999 13 8.66918808864614 52.04157431894905 5 
8  四个目标值 -1258.749 13 8.61364067860935 71.99542874733973 3 
9  四个目标值 -1022.3869999999998 13 8.398749468410532 51.2411374082279 4 
10  四个目标值 -1467.6999999999998 13 8.832628372607052 53.40980233622657 6 
11  四个目标值 -1464.387 13 8.223622912918877 54.340094650283255 7 
12  四个目标值 -1061.866 13 8.989980914818098 50.91593129249391 3 
13  四个目标值 -1419.926 13 8.168576393640963 69.09901165465288 6 
14  四个目标值 -1338.64 14 8.8564858929916 71.87716948062527 2 
15  四个目标值 -1834.6019999999996 14 9.671536666341156 67.10385134409017 3 
16  四个目标值 -1619.822 14 9.618594638322048 59.073536438884055 5 
17  四个目标值 -1687.064 14 8.568751150727351 74.09035687796163 4 
18  四个目标值 -1487.9490000000003 14 9.087670865277772 70.35327023500454 2 
19  四个目标值 -1887.3919999999998 14 9.570095612352693 57.83364490246277 6 
20  四个目标值 -1731.454 14 8.632052869803369 71.48569750325112 5 
21  四个目标值 -1522.3079999999998 14 9.25877658701121 68.41703393848412 5 
22  四个目标值 -1148.9009999999998 13 8.404174998650033 52.34883406680046 5 
23  四个目标值 -1516.258 14 9.464399798823138 62.626313301418556 5 
24  四个目标值 -1591.124 14 9.294651444434004 67.02815358155765 5 
25  四个目标值 -1399.845 14 8.977677145574585 69.68400870231336 2 
26  四个目标值 -1836.4579999999999 14 9.277037546691746 67.99259569616962 3 
27  四个目标值 -1352.352 14 9.415321963109752 66.09978710609556 2 
28  四个目标值 -1188.8600000000001 13 8.299754788548634 73.65422402584913 4 
29  四个目标值 -1087.964 13 8.913779578596941 55.14187463377345 2 
30  四个目标值 -1971.2549999999999 14 9.1969815556396 72.60229252514594 4 
31  四个目标值 -1080.6370000000002 13 8.083108675343992 56.36824321466063 5 
32  四个目标值 -1911.325 14 9.571340079057567 70.1679842505134 4 
33  四个目标值 -1372.999 14 9.02759161472504 61.850222939529914 5 
34  四个目标值 -1281.7089999999998 13 8.025230616509113 65.18554199107616 6 
35  四个目标值 -1101.943 13 9.004510889059233 57.45001471993825 3 
36  四个目标值 -1763.706 14 9.491027817508742 70.10580627538297 2 
37  四个目标值 -1296.086 14 9.173313933642909 63.27452669261918 4 
38  四个目标值 -1206.154 13 8.703137036424884 69.13216709419834 3 
39  四个目标值 -1943.331 14 8.826098561485066 58.01434233930896 7 
40  四个目标值 -1181.0149999999999 13 8.773652165554111 66.37150191560802 4 
41  四个目标值 -1164.4569999999999 13 8.645944359674582 64.74017053215258 4 
42  四个目标值 -1313.102 14 9.227320427239984 56.219005286131086 4 
43  四个目标值 -1476.407 14 9.103001000008918 58.093381300356995 5 
44  四个目标值 -1456.3609999999996 14 9.664128611338082 65.89857896683493 4 
45  四个目标值 -1168.7069999999999 13 8.498540321221743 67.62324262530197 3 
46  四个目标值 -1350.5259999999998 13 8.522494980726151 72.57050473692993 5 
47  四个目标值 -1328.1989999999998 14 9.518362542020128 65.9063704578096 2 
48  四个目标值 -1332.191 14 9.362428509922685 55.810675755604294 3 
49  四个目标值 -998.5969999999999 13 8.450364227474466 66.712551114934 3 
50  四个目标值 -1097.6529999999998 13 8.137115168941067 64.40682123817939 5 
51  四个目标值 -1070.212 13 8.863272867589231 61.04243202328998 2 
52  四个目标值 -1715.6009999999999 14 9.152023079170931 68.94149743998722 2 
53  四个目标值 -1018.734 13 8.008866053934971 58.397084696516714 5 
54  四个目标值 -1695.2720000000002 14 9.059052839424936 65.4912469540879 6 
55  四个目标值 -1122.2979999999998 13 8.163060893433885 61.264069370039785 5 
56  四个目标值 -1231.268 13 8.831473072199426 63.4680323798795 3 
57  四个目标值 -1273.943 14 9.34084067325844 61.53916262410512 3 
58  四个目标值 -987.7449999999999 13 8.333489872805554 59.98106435868884 4 
59  四个目标值 -1437.4039999999998 14 9.295306700242405 55.36155948653275 4 
60  四个目标值 -1245.5219999999997 13 8.267571073502861 56.68145891077365 6 
61  四个目标值 -1097.991 13 8.804910280222106 54.02276053486382 4 
62  四个目标值 -1004.761 13 8.38749636640263 58.94025593834806 4 
63  四个目标值 -1246.962 13 8.368300141227238 62.02309506114884 5 
64  四个目标值 -1294.0800000000002 14 8.899342499718943 60.15472588043217 5 
65  四个目标值 -958.8369999999999 13 8.208594866449918 65.4120718671469 4 
66  四个目标值 -944.9309999999998 13 8.394355334079235 53.785032570053346 3 
67  四个目标值 -965.6019999999999 13 8.501016612421083 60.685414261604606 3 
68  四个目标值 -1056.8449999999998 13 8.471952064138714 71.59766400917545 3 
69  四个目标值 -1391.291 13 9.20360760358563 56.370067970874516 5 
70  四个目标值 -969.7499999999999 13 8.755070521470154 53.52650721241409 3 
71  四个目标值 -1345.357 13 8.307988640687382 60.3186939515555 6 
72  四个目标值 -977.9259999999998 13 8.343702949132618 64.35906162559881 3 
73  四个目标值 -1437.8659999999998 13 8.431765708774373 55.571336222779905 6 
74  四个目标值 -1037.7559999999999 13 8.336843981456013 63.96791127575719 4 
75  四个目标值 -1241.7930000000001 13 8.15379380118847 54.64448619227965 6 
76  四个目标值 -1017.686 13 8.585472310157167 61.535566935209886 2 
77  四个目标值 -1269.749 14 9.151964765420958 62.00787024950362 3 
78  四个目标值 -1201.0609999999997 13 8.212524554224947 58.482371722608356 5 
79  四个目标值 -1051.123 13 8.72816478490653 58.444789818596405 3 
