0  四个目标值 -3753.807 18 11.500204268826735 70.74885598000958 5 4 
1  四个目标值 -2773.6499999999996 18 10.665186765347164 87.36814629303667 8 4 
2  四个目标值 -3940.049 18 10.218279847923604 81.42501763253782 5 8 
3  四个目标值 -3244.687999999999 19 10.3038236099511 68.2194861724901 5 5 
4  四个目标值 -3999.645 18 11.142882087386974 89.54649909573504 5 4 
5  四个目标值 -4056.089 19 10.386564600258566 89.46165687374398 6 7 
6  四个目标值 -2329.625 18 10.81545552575611 71.58326665386505 5 5 
7  四个目标值 -3554.1910000000003 19 10.947234732944821 62.56195031354996 7 5 
8  四个目标值 -3752.8550000000005 18 10.282733233603745 85.45162162280167 7 5 
9  四个目标值 -3359.9489999999996 18 10.710998637064879 64.80696672821313 8 4 
10  四个目标值 -3104.915 18 10.175129332292078 83.14961738195232 7 6 
11  四个目标值 -3192.455 18 10.469482910413548 69.1884077089764 5 7 
12  四个目标值 -2414.6820000000007 18 10.313812014156381 69.8475995004832 5 6 
13  四个目标值 -3659.188 19 10.19557841023688 78.8801355069591 8 7 
14  四个目标值 -3651.4030000000002 18 10.36419458469464 74.69068955421841 8 5 
15  四个目标值 -4167.2660000000005 18 11.102391537832407 76.11821476354389 6 4 
16  四个目标值 -3606.8509999999997 18 10.258860268838571 73.23132026753778 5 8 
17  四个目标值 -3751.9730000000004 18 11.401529326363828 78.53834856419883 5 4 
18  四个目标值 -2445.988 18 10.576094838587904 65.98593040902138 6 4 
19  四个目标值 -4154.844999999999 18 11.326044245743624 62.504558619738646 6 4 
20  四个目标值 -3735.0330000000004 19 11.304538661011456 72.77411042281065 6 5 
21  四个目标值 -3016.7169999999996 18 10.418442907496932 78.52910409185961 5 6 
22  四个目标值 -3048.371 18 10.61422269422416 84.96216321393887 6 5 
23  四个目标值 -2877.3270000000007 18 10.640900892056191 68.93888178178493 6 5 
24  四个目标值 -3768.303 18 11.171584437794541 75.68516064211892 5 5 
25  四个目标值 -3292.8999999999996 18 10.400403911329304 87.80899734039536 5 6 
26  四个目标值 -3854.0329999999994 18 11.016523350029129 75.79892289552579 5 5 
27  四个目标值 -3836.007 18 10.65810415391203 89.00236544821342 6 4 
28  四个目标值 -3101.528 18 10.737712887283573 71.13514920350832 5 6 
29  四个目标值 -3616.664 18 10.27507436654683 86.91715908538455 6 6 
30  四个目标值 -3896.7590000000005 18 10.504939868210437 79.22674122237288 5 6 
31  四个目标值 -2703.237 18 10.542503131217645 67.1716132890695 6 5 
32  四个目标值 -2641.2929999999997 18 10.61745273408734 71.88230297868381 5 5 
33  四个目标值 -4044.4230000000007 18 10.265362519979147 63.852106707433194 6 7 
34  四个目标值 -3864.5579999999995 19 10.888110888539012 78.88710990198089 5 5 
35  四个目标值 -2556.8140000000003 18 10.493373982502948 77.04565899797677 7 5 
36  四个目标值 -2764.1059999999998 18 10.249918223389754 80.0328056859295 5 6 
37  四个目标值 -3529.7729999999997 18 10.827130123941581 74.44612864240479 5 6 
38  四个目标值 -3738.91 18 10.973572975786361 73.93578312327004 6 4 
39  四个目标值 -3316.096 18 10.577604057422473 62.72819746296601 7 5 
40  四个目标值 -3398.3490000000006 18 10.685997287650567 75.65098811131848 7 4 
41  四个目标值 -3694.9959999999996 18 10.486769649284371 67.5228802610586 6 6 
42  四个目标值 -2856.98 18 11.171134828235907 70.43071447346836 6 4 
43  四个目标值 -3155.7229999999995 18 10.288176117685797 78.00325601074445 6 6 
44  四个目标值 -4042.618999999999 18 10.97024558602083 64.44669667292933 7 4 
45  四个目标值 -3605.786 18 10.567715549832831 74.71150222740057 5 6 
46  四个目标值 -3238.606 18 10.648084305859772 66.79964411938325 6 6 
47  四个目标值 -3316.5820000000003 18 10.70057441283226 61.923737977607104 6 5 
48  四个目标值 -3328.3669999999997 18 10.352937825224952 73.30149165307876 5 7 
49  四个目标值 -3949.904 18 10.843821855519392 76.57208458204818 6 5 
50  四个目标值 -2660.627 18 10.58944970551125 72.43852990246606 5 6 
51  四个目标值 -2835.689 18 10.708981905694994 66.9692996114866 6 4 
52  四个目标值 -3663.056 18 10.496091045191198 83.0049590530128 5 7 
53  四个目标值 -2585.927 18 10.181968922360692 81.44072575691447 6 5 
54  四个目标值 -3929.4809999999998 18 10.872784234813512 67.9448174079518 7 4 
55  四个目标值 -3441.6240000000003 18 10.835786392549968 79.88471252711199 5 5 
56  四个目标值 -3727.7409999999995 18 10.698252827296066 80.40173491234583 5 5 
57  四个目标值 -3773.0220000000004 18 10.701795076755596 81.07704625764691 5 5 
58  四个目标值 -3129.8889999999997 18 10.55302142114266 64.62730865882146 6 6 
59  四个目标值 -3479.4719999999998 18 10.318517059541119 77.17826308832858 7 5 
60  四个目标值 -3066.782 18 10.700695113301768 69.502643616867 7 4 
61  四个目标值 -3216.128 18 10.726101024068177 72.94087851180282 5 6 
62  四个目标值 -3882.9970000000003 18 10.832416370877986 81.02087315833617 5 5 
63  四个目标值 -3491.008 18 10.84222306735255 77.01059209413661 6 5 
64  四个目标值 -3656.8840000000005 18 10.993892709090762 71.3258006846153 5 5 
65  四个目标值 -3481.886 18 10.354551122893103 81.75882682481651 6 6 
66  四个目标值 -3374.4719999999998 18 10.254149122993358 82.24092710474466 7 5 
67  四个目标值 -3263.902 18 10.283345723168436 77.84984066066777 7 6 
68  四个目标值 -3641.332999999999 18 10.382012635273723 77.18070260306902 5 7 
69  四个目标值 -3105.9350000000004 18 10.872496753952698 77.97148135973339 6 4 
70  四个目标值 -2868.8599999999997 18 10.95494169812833 70.62884673622501 5 6 
71  四个目标值 -3032.1830000000004 18 10.590334080625775 77.11334016390163 6 5 
72  四个目标值 -3335.8809999999994 18 10.45458183210488 72.91372658316325 6 6 
73  四个目标值 -3729.268 19 10.547817324011762 82.25474369904828 5 5 
74  四个目标值 -3633.579 18 10.18494255665559 80.22759692266051 7 6 
75  四个目标值 -3840.7380000000003 18 10.577533350673152 77.56097890015732 5 7 
76  四个目标值 -4357.682999999999 18 10.715139867458817 75.27871470186655 7 4 
77  四个目标值 -3436.456 18 10.843821855519394 61.03271890146666 6 5 
78  四个目标值 -2005.242 17 10.447370379138455 71.38268683320615 6 2 
79  四个目标值 -2676.6849999999995 17 10.547978120145224 67.40746621482089 6 3 
