0  5463.290000000001  消费数 9548.54  四个目标值 -5463.290000000001 24 14.271941397403864 90.89866625508513 5 规划路径 45 58 54 65 62 63 72 37 34 40 9 64 56 49 23 41 24 70 26 74 42 60 57 53 规划时间 [12,10.1,7][0.,8.8,15.9][0.,17.3,18.9][1.,10.0,13.5][1.,15.7,21.4][2.,9.5,13.7][2.,13.7,16.0][3.,9.0,13.0][4.,7.5,10.5][4.,11.5,14.5][4.,16.4,21.0][5.,10.5,15.4][6.,8.0,13.1][6.,15.5,17.5][7.,8.0,13.5][7.,17.8,20.8][8.,8.30,14.3][8.,16.0,17.9][9.,8.19,11.9][9.,16.9,20.5][10,9.59,11.3][10,16.1,21.8][11,8.10,14.3][11,14.3,16.0][12,8.0,9.0]
1  4489.183  消费数 8727.97  四个目标值 -4489.183 23 14.910363338379591 95.92619266247536 5 规划路径 46 58 54 64 62 63 68 35 14 55 75 53 3 1 32 41 40 70 26 74 42 60 57 规划时间 [12,12.3,7][0.,8.7,10.0][0.,11.4,15.4][1.,10.0,15.5][2.,8.0,14.7][2.,16.0,20.0][3.,9.0,10.2][3.,10.9,18.9][4.,7.5,10.7][4.,12.2,15.2][5.,8.5,14.5][6.,7.0,10.5][6.,14.0,15.1][6.,17.8,21.0][7.,8.5,13.1][7.,15.1,16.9][7.,18.6,21.6][8.,7.80,14.5][9.,7.0,11.0][9.,16.0,21.5][10,10.6,16.5][11,7.0,10.5][11,11.6,18.3][12,8.5,11.6]
2  4679.509  消费数 8788.25  四个目标值 -4679.509 23 15.312613026904648 85.19090972023292 6 规划路径 46 45 54 65 62 67 68 35 14 55 75 53 3 1 32 41 49 70 26 74 42 60 57 规划时间 [11,17.6,7][0.,8.7,15.4][0.,15.5,17.1][1.,10.0,12.3][1.,14.7,16.5][1.,16.6,18.0][2.,8.5,11.1][2.,11.2,17.4][3.,7.5,8.90][3.,10.4,15.2][4.,8.5,12.5][4.,15.5,17.4][5.,8.0,12.3][5.,14.9,17.5][6.,8.5,14.9][7.,7.5,13.5][7.,15.3,17.0][8.,8.0,14.3][9.,7.0,9.0][9.,14.0,17.5][10,8.5,10.5][10,15.4,21.1][11,7.30,12.3][11,12.3,17.0]
3  4164.236000000001  消费数 8080.56  四个目标值 -4164.236000000001 22 15.00534211633776 87.1447853003478 6 规划路径 46 45 54 65 62 67 68 35 14 55 75 53 3 1 32 41 49 70 26 40 42 60 规划时间 [9.,21.0,7][0.,8.7,11.9][0.,12.0,16.8][1.,10.0,14.7][1.,17.0,20.0][1.,20.1,21.4][2.,7.10,12.6][2.,12.7,20.5][3.,8.40,12.4][3.,13.9,19.5][4.,8.5,16.4][5.,7.0,11.4][5.,14.8,16.0][5.,18.5,20.5][6.,8.5,11.0][6.,13.0,15.9][6.,17.6,20.1][7.,8.09,13.5][8.,7.0,12.1][8.,17.1,19.6][9.,7.40,13.3][9.,14.1,15.8][9.,17.0,20.3]
4  3417.4460000000004  消费数 7136.55  四个目标值 -3417.4460000000004 23 14.83521659881959 87.88333440843115 6 规划路径 46 58 54 40 62 63 68 35 14 30 75 53 36 33 32 67 24 37 26 15 42 60 57 规划时间 [9.,12.6,7][0.,8.7,13.6][0.,15.0,18.2][1.,10.0,13.0][1.,14.2,17.7][1.,20.7,21.9][2.,9.0,15.1][2.,15.7,19.7][3.,7.59,14.4][3.,15.9,18.0][4.,9.0,16.4][5.,7.0,8.5][5.,11.9,14.3][5.,15.0,16.5][5.,17.0,21.9][6.,7.59,13.5][6.,15.6,17.0][6.,18.9,20.9][7.,7.0,11.8][7.,13.5,19.5][8.,7.40,9.59][8.,10.6,17.1][8.,18.4,21.6][9.,8.5,12.0]
5  3969.1390000000006  消费数 7686.23  四个目标值 -3969.1390000000006 22 14.878181203556208 89.9503707682944 6 规划路径 46 45 54 65 62 67 68 35 14 55 75 53 3 1 32 41 40 70 26 15 42 60 规划时间 [9.,21.3,7][0.,8.7,15.5][0.,15.6,17.4][1.,10.0,13.5][1.,15.7,21.1][2.,9.5,15.1][2.,15.7,17.2][2.,17.5,21.4][3.,9.20,14.7][3.,16.2,20.0][4.,7.40,12.7][4.,15.7,17.0][5.,8.0,11.9][5.,14.5,21.0][6.,8.5,12.9][6.,14.9,16.4][6.,18.1,21.8][7.,7.90,15.6][8.,7.0,8.30][8.,13.3,18.4][9.,7.0,12.5][9.,13.5,17.4][9.,18.5,20.5]
6  4468.417  消费数 8441.12  四个目标值 -4468.417 23 14.733379371582808 99.12262150487939 6 规划路径 46 45 54 40 62 63 68 35 14 30 75 53 36 33 32 41 24 70 26 74 42 60 57 规划时间 [11,16.3,7][0.,8.7,13.5][0.,13.6,17.2][1.,10.0,14.3][1.,15.6,21.0][2.,8.89,10.1][2.,10.2,14.5][2.,15.2,19.7][3.,7.59,12.5][3.,14.0,20.5][4.,8.0,13.9][5.,7.0,9.0][5.,12.4,16.6][6.,9.0,15.1][6.,15.8,18.9][7.,7.5,12.4][7.,14.1,20.4][8.,7.19,8.59][8.,13.9,16.4][9.,7.0,8.40][9.,12.5,16.6][10,7.0,14.5][10,15.6,18.3][11,8.5,15.6]
7  4620.165  消费数 8675.97  四个目标值 -4620.165 23 14.76292344791151 100.28817173079727 6 规划路径 46 45 54 40 62 63 68 35 14 30 75 53 36 33 23 41 24 70 26 74 42 60 57 规划时间 [11,17.3,7][0.,8.7,10.3][0.,10.4,16.4][1.,10.0,11.0][1.,12.2,19.2][2.,7.10,13.7][2.,13.7,15.7][2.,16.4,20.7][3.,8.5,15.4][3.,16.9,18.5][4.,9.0,16.9][5.,7.0,9.5][5.,12.9,16.1][6.,9.0,13.9][6.,14.5,21.9][7.,8.19,10.1][7.,12.6,15.3][7.,17.0,19.6][8.,10.0,16.5][9.,7.0,13.6][10,8.5,14.3][10,19.1,20.5][11,7.0,14.1][11,14.1,16.6]
8  4693.9259999999995  消费数 8917.06  四个目标值 -4693.9259999999995 23 14.716047669284778 101.18446099612724 6 规划路径 46 58 54 30 62 63 68 35 14 55 75 53 3 1 32 19 40 70 26 74 42 60 57 规划时间 [12,11.6,7][0.,8.7,10.9][0.,12.3,19.0][1.,10.0,12.7][1.,14.3,18.6][2.,9.5,12.2][2.,12.3,15.0][2.,15.7,19.0][3.,7.5,14.7][3.,16.2,19.4][4.,8.5,15.0][5.,7.0,13.6][6.,8.0,11.8][6.,14.4,18.8][7.,8.5,13.0][7.,15.0,16.8][7.,18.9,21.1][8.,7.59,14.9][9.,7.0,13.9][9.,18.9,20.6][10,9.80,17.1][11,7.0,12.3][11,13.5,18.8][12,8.5,11.0]
9  3401.465  消费数 7249.88  四个目标值 -3401.465 22 14.48760646290123 104.58064025687261 6 规划路径 46 45 54 40 62 63 68 35 14 30 75 53 36 33 32 67 24 37 26 15 42 60 规划时间 [11,21.8,7][0.,8.7,12.1][0.,12.2,17.5][1.,10.0,13.1][1.,14.2,18.1][2.,9.5,16.5][3.,9.0,14.9][3.,15.5,18.5][4.,7.5,11.7][4.,13.2,18.7][5.,9.0,15.6][6.,7.0,14.5][7.,8.0,12.1][7.,13.0,16.5][7.,17.1,18.6][8.,7.5,14.4][9.,8.5,14.9][9.,16.6,21.5][10,7.59,10.9][10,12.6,17.8][10,20.6,21.6][11,7.80,15.3][11,16.5,21.1]
10  3358.876  消费数 7200.4  四个目标值 -3358.876 22 14.355373619621359 105.00910856540378 6 规划路径 46 45 54 4 62 63 68 35 14 30 75 53 36 33 5 67 24 37 26 15 42 60 规划时间 [11,17.6,7][0.,8.7,16.6][1.,8.5,16.1][2.,10.0,16.5][3.,7.0,14.0][3.,15.2,19.0][4.,9.0,16.0][4.,16.7,21.0][5.,8.90,11.6][5.,13.1,18.4][6.,9.0,16.0][7.,7.0,12.3][7.,15.6,17.0][8.,9.0,14.8][8.,15.4,21.5][9.,8.5,12.8][9.,13.5,16.4][9.,18.1,20.5][10,7.5,9.90][10,11.6,17.3][10,20.1,21.6][11,7.69,11.5][11,12.6,17.0]
11  2976.2529999999997  消费数 6955.78  四个目标值 -2976.2529999999997 22 14.10343073150749 106.55220522407757 6 规划路径 46 58 54 65 62 63 68 35 14 30 21 53 3 1 32 41 40 37 26 2 42 60 规划时间 [11,12.1,7][0.,8.7,15.4][0.,16.8,18.8][1.,10.0,13.5][1.,15.7,21.7][2.,9.5,16.2][2.,16.2,17.5][2.,18.2,21.9][3.,9.70,13.7][3.,15.2,19.0][4.,9.0,16.5][5.,8.5,12.8][5.,14.3,16.8][5.,19.4,21.9][6.,7.30,14.5][7.,7.5,13.5][7.,15.4,20.6][8.,9.0,16.3][9.,7.5,15.1][9.,17.0,20.4][10,7.0,12.0][10,15.1,21.3][11,7.60,11.3]
12  2042.2980000000002  消费数 5001.29  四个目标值 -2042.2980000000002 22 13.497734513044495 82.40898943296807 7 规划路径 46 45 54 65 62 67 68 35 43 55 40 53 36 33 32 31 24 28 26 41 42 56 规划时间 [8.,16.1,7][0.,8.7,14.9][0.,15.0,16.0][1.,10.0,11.6][1.,13.8,20.2][1.,20.2,21.9][2.,7.60,10.7][2.,11.0,13.7][3.,7.5,13.5][3.,14.2,16.2][4.,8.5,15.5][4.,16.5,21.7][5.,7.0,14.5][5.,15.3,16.8][5.,17.4,20.0][6.,7.5,11.1][6.,11.9,16.0][6.,16.8,19.1][7.,7.5,9.40][7.,10.6,13.8][7.,16.4,21.8][8.,7.40,13.0][8.,14.0,15.4]
13  4501.746  消费数 8465.49  四个目标值 -4501.746 23 14.953643434566589 89.90738442787568 7 规划路径 46 45 54 65 62 67 68 35 14 55 75 53 3 1 32 41 24 70 26 74 42 60 57 规划时间 [11,13.1,7][0.,8.7,10.2][0.,10.3,15.2][1.,10.0,16.7][1.,19.0,21.2][2.,9.5,16.0][3.,8.5,15.7][3.,16.0,20.0][4.,7.90,15.2][4.,16.7,19.5][5.,8.5,10.8][5.,13.8,15.9][6.,8.0,11.0][6.,13.6,21.5][7.,8.5,14.5][8.,7.5,10.1][8.,12.0,14.1][8.,16.0,20.0][9.,10.4,16.0][10,7.0,10.0][10,14.0,15.5][10,20.3,21.8][11,8.0,11.3][11,11.3,12.3]
14  2100.7960000000003  消费数 5235.76  四个目标值 -2100.7960000000003 22 13.740396857551175 98.68215582774926 7 规划路径 46 45 54 65 62 67 68 35 43 55 40 53 36 33 32 31 24 37 26 41 42 44 规划时间 [10,18.5,7][0.,8.7,11.0][0.,11.1,16.2][1.,10.0,13.8][1.,16.2,19.9][1.,20.0,21.7][2.,7.5,12.5][2.,12.7,18.7][3.,7.5,11.7][3.,12.5,18.7][4.,8.5,13.7][4.,14.5,17.0][5.,8.0,15.3][6.,9.0,15.8][6.,16.4,17.8][7.,7.5,14.8][8.,8.0,10.5][8.,11.1,19.0][9.,7.5,10.5][9.,12.3,18.4][9.,21.0,22.0][10,7.59,14.8][10,15.5,17.6]
15  3327.413  消费数 7272.64  四个目标值 -3327.413 23 14.811173386934927 98.80061662285493 7 规划路径 46 58 54 64 62 63 68 35 14 30 75 53 36 33 3 67 24 37 26 15 42 60 57 规划时间 [11,11.3,7][0.,8.7,11.4][0.,12.8,16.8][1.,10.0,13.5][2.,8.0,13.2][2.,14.6,19.7][3.,9.0,11.5][3.,12.2,18.7][4.,7.5,10.4][4.,11.9,16.0][4.,18.5,20.9][5.,9.69,16.3][6.,8.0,15.5][7.,9.0,12.9][7.,13.5,14.6][7.,16.6,21.0][8.,8.5,14.5][8.,16.3,20.0][9.,7.5,11.5][9.,13.4,19.1][10,7.09,15.0][10,16.1,21.6][11,7.80,9.10][11,9.10,10.6]
16  3021.885  消费数 6546.45  四个目标值 -3021.885 22 13.948705844669451 102.62917498382615 7 规划路径 46 45 54 65 62 63 68 35 43 55 40 53 36 64 32 67 24 37 26 15 42 60 规划时间 [11,7.5,7][0.,8.7,16.0][0.,16.1,17.1][1.,10.0,11.1][1.,13.3,16.5][1.,16.6,20.7][2.,9.0,16.7][2.,17.5,19.9][3.,7.70,14.9][3.,15.7,21.0][4.,7.29,12.9][4.,13.7,20.0][5.,8.0,11.8][5.,12.5,13.9][6.,8.0,13.9][7.,7.5,15.3][8.,8.5,13.3][8.,15.0,21.1][9.,7.30,11.5][9.,13.4,18.1][10,7.0,10.6][10,11.8,17.6][10,18.8,21.8]
17  3242.488  消费数 7143.95  四个目标值 -3242.488 22 14.32822723856142 109.75054503667796 7 规划路径 46 45 54 65 62 63 68 35 14 30 75 53 36 33 32 67 24 37 26 15 42 60 规划时间 [12,7.10,7][0.,8.7,16.5][1.,8.5,16.2][2.,10.0,16.0][2.,18.2,22.0][3.,7.09,14.5][3.,14.5,16.9][3.,17.5,21.5][4.,9.29,11.2][4.,12.7,16.7][4.,19.2,20.9][5.,9.69,16.9][6.,8.0,15.3][7.,9.0,11.3][7.,11.9,17.5][8.,7.5,15.5][9.,8.5,13.3][9.,15.0,20.9][10,7.0,14.6][10,16.5,18.8][11,7.0,12.8][11,13.8,18.5][11,19.6,21.3]
18  2249.09  消费数 5859.81  四个目标值 -2249.09 23 13.886520191705472 110.39537602743889 7 规划路径 46 58 54 64 62 63 68 35 43 55 40 53 36 33 32 31 24 37 26 41 42 60 57 规划时间 [12,13.6,7][0.,8.7,14.3][0.,15.7,17.5][1.,10.0,15.2][2.,8.0,15.0][2.,16.2,19.0][3.,9.0,15.5][3.,16.2,18.4][4.,7.5,13.7][4.,14.5,20.5][5.,8.5,15.4][5.,16.3,18.0][6.,8.0,15.9][7.,9.0,14.0][7.,14.5,18.8][8.,7.5,15.1][9.,8.0,11.8][9.,12.5,17.3][10,7.5,12.6][10,14.5,20.6][11,8.30,10.0][11,10.6,15.8][11,17.1,19.3][12,8.5,12.8]
19  3315.741  消费数 7250.65  四个目标值 -3315.741 22 13.465589374598418 114.22747687865254 7 规划路径 46 52 54 65 62 63 68 35 14 55 75 53 3 1 23 41 24 37 17 19 42 39 规划时间 [11,19.0,7][0.,8.7,15.9][0.,18.0,21.6][1.,8.89,13.7][1.,16.1,21.7][2.,9.5,17.5][3.,9.0,12.2][3.,12.9,20.0][4.,7.90,11.0][4.,12.5,19.9][5.,7.20,14.4][6.,7.0,15.0][7.,8.0,13.6][7.,16.3,19.4][8.,8.5,13.4][8.,14.1,20.0][9.,7.5,11.0][9.,12.8,17.9][10,7.5,14.1][10,15.5,20.3][10,20.5,21.6][11,7.80,14.3][11,15.6,16.8]
20  2050.7280000000005  消费数 5430.04  四个目标值 -2050.7280000000005 23 13.911059909797482 87.97916627505529 8 规划路径 46 45 54 65 62 63 68 35 43 55 40 53 36 33 32 31 24 28 26 41 42 60 57 规划时间 [10,11.0,7][0.,8.7,13.1][0.,13.2,14.3][1.,10.0,12.7][1.,15.1,21.1][2.,9.5,16.7][3.,9.0,10.5][3.,11.2,16.9][4.,7.5,8.79][4.,9.59,17.2][5.,8.5,10.1][5.,11.0,15.8][6.,8.0,10.5][6.,11.4,14.3][6.,14.9,21.8][7.,7.5,11.5][7.,12.3,15.0][7.,15.8,18.0][8.,7.5,12.6][8.,14.0,17.5][8.,20.1,21.3][9.,7.0,13.5][9.,14.8,18.8][10,8.5,10.3]
21  2792.18  消费数 6467.43  四个目标值 -2792.18 23 14.559244512529531 97.19495519009658 8 规划路径 46 58 54 65 62 63 68 35 14 30 40 53 36 33 3 67 24 37 26 15 42 60 57 规划时间 [9.,13.6,7][0.,8.7,16.2][0.,17.6,20.4][1.,10.0,13.0][1.,15.2,16.7][1.,16.9,18.1][2.,9.0,13.0][2.,13.7,20.7][3.,8.5,15.9][3.,17.4,20.7][4.,8.29,15.5][4.,17.2,21.4][5.,8.0,15.1][5.,16.0,17.0][5.,17.5,21.4][6.,8.40,12.3][6.,12.9,16.1][6.,18.0,19.0][7.,7.5,11.3][7.,13.0,20.0][8.,8.0,11.1][8.,12.3,19.9][9.,7.0,8.5][9.,8.5,13.0]
22  2032.3460000000005  消费数 5329.03  四个目标值 -2032.3460000000005 22 13.345510380940391 97.8283856951906 8 规划路径 46 45 54 65 62 63 68 35 43 55 40 53 36 33 32 31 24 28 26 27 42 60 规划时间 [10,7.19,7][0.,8.7,15.0][0.,15.1,17.5][1.,10.0,15.7][1.,18.0,21.2][2.,9.5,15.5][2.,15.6,17.2][2.,17.9,21.7][3.,9.59,13.9][3.,14.7,18.7][4.,8.5,11.7][4.,12.5,20.4][5.,8.0,15.6][6.,9.0,15.0][6.,15.6,21.0][7.,7.5,9.80][7.,10.5,15.1][7.,15.9,17.5][8.,7.5,14.0][8.,15.3,20.8][9.,8.0,13.5][9.,16.3,18.6][9.,19.9,21.5]
23  2054.608  消费数 5312.89  四个目标值 -2054.608 23 14.069005178135814 98.65192315456304 8 规划路径 46 45 54 65 62 67 68 35 43 55 40 53 36 33 32 31 24 28 26 41 42 60 57 规划时间 [10,13.4,7][0.,8.7,10.5][0.,10.6,16.3][1.,10.0,15.5][1.,17.7,21.6][2.,9.5,14.3][2.,15.1,16.9][2.,17.0,21.7][3.,9.59,11.0][3.,11.9,15.9][4.,8.5,12.2][4.,13.0,17.2][5.,8.0,15.0][5.,15.8,16.9][5.,17.5,20.1][6.,7.5,15.5][7.,8.0,15.0][7.,15.6,19.5][8.,7.5,10.9][8.,12.1,18.9][9.,7.0,11.0][9.,11.5,18.1][9.,19.4,22.0][10,8.5,12.6]
24  2790.089  消费数 6546.06  四个目标值 -2790.089 22 13.944166286268544 104.96798749294611 8 规划路径 46 58 54 65 62 63 68 35 14 30 40 53 36 33 3 67 24 37 26 15 42 60 规划时间 [10,9.90,7][0.,8.7,16.3][0.,17.7,19.3][1.,10.0,16.7][1.,19.1,21.7][2.,9.5,17.4][3.,9.0,14.7][3.,15.5,21.5][4.,9.40,16.9][4.,18.4,20.5][5.,8.0,14.9][5.,16.5,20.0][6.,8.0,14.5][6.,15.3,16.5][6.,17.1,20.0][7.,7.0,11.8][7.,12.4,15.6][7.,17.5,21.0][8.,7.19,12.9][8.,14.6,18.9][9.,7.0,13.5][9.,14.5,20.1][10,7.0,9.19]
25  2052.5170000000003  消费数 5231.51  四个目标值 -2052.5170000000003 22 13.453926951874827 105.23872569065779 8 规划路径 46 45 54 65 62 67 68 35 43 55 40 53 36 33 32 31 24 28 26 41 42 60 规划时间 [10,7.09,7][0.,8.7,13.5][0.,13.6,16.5][1.,10.0,15.6][1.,17.9,20.7][1.,20.7,21.9][2.,7.60,14.1][2.,14.2,21.7][3.,9.5,14.5][3.,15.4,20.9][4.,7.09,14.5][4.,15.4,21.5][5.,8.0,15.1][6.,9.0,16.0][6.,16.6,21.0][7.,7.5,9.80][7.,10.5,12.0][7.,12.8,17.0][8.,7.5,15.0][8.,16.3,19.9][9.,7.5,9.19][9.,9.80,13.3][9.,14.5,21.4]
26  3409.7920000000004  消费数 7316.94  四个目标值 -3409.7920000000004 23 14.574806986165417 105.6477747716438 8 规划路径 46 52 54 65 62 63 68 35 14 30 75 53 36 33 32 67 24 37 26 15 42 60 57 规划时间 [11,16.8,7][0.,8.7,16.4][0.,18.5,20.2][1.,7.5,15.3][1.,17.7,21.7][2.,9.5,16.7][3.,9.0,16.2][3.,16.9,19.0][4.,7.5,13.2][4.,14.7,16.7][4.,19.2,20.5][5.,9.40,12.5][5.,15.9,16.9][6.,9.0,15.9][6.,16.5,21.0][7.,7.5,15.0][8.,8.5,13.5][8.,15.3,20.9][9.,7.5,13.5][9.,15.4,19.0][10,7.0,9.90][10,11.0,13.4][10,14.5,16.6][11,8.5,16.1]
27  2167.8820000000005  消费数 5487.94  四个目标值 -2167.8820000000005 22 13.478921021304776 106.41445406976361 8 规划路径 46 45 54 65 62 63 68 35 43 55 40 53 36 33 32 31 24 37 26 41 42 60 规划时间 [10,11.6,7][0.,8.7,11.0][0.,11.1,17.4][1.,10.0,11.7][1.,14.0,15.6][1.,15.7,20.5][2.,9.0,16.9][2.,17.5,19.7][3.,7.5,11.2][3.,12.0,19.5][4.,8.5,11.2][4.,12.0,19.9][5.,8.0,14.5][5.,15.4,16.5][5.,17.1,20.9][6.,7.5,15.4][7.,8.0,14.6][7.,15.4,19.9][8.,7.5,11.0][8.,12.8,19.5][9.,7.19,14.5][9.,15.0,21.0][10,7.30,11.0]
28  2268.2470000000003  消费数 5660.84  四个目标值 -2268.2470000000003 22 13.497394837237396 106.90234263397258 8 规划路径 46 45 54 65 62 63 68 35 43 55 40 53 36 33 32 31 24 37 26 15 42 60 规划时间 [11,7.39,7][0.,8.7,12.0][0.,12.1,16.6][1.,10.0,11.7][1.,14.0,21.2][2.,9.5,17.0][3.,9.0,15.5][3.,16.2,21.4][4.,9.20,11.2][4.,12.0,19.9][5.,8.5,16.0][5.,16.9,20.9][6.,8.0,9.30][6.,10.0,12.8][6.,13.4,20.3][7.,7.5,15.0][8.,8.0,15.8][8.,16.5,17.5][9.,7.5,14.3][9.,16.0,20.5][10,8.40,10.5][10,11.6,18.8][10,20.1,21.6]
29  3672.2900000000004  消费数 7230.85  四个目标值 -3672.2900000000004 22 13.762213116693239 107.71520324752746 8 规划路径 46 52 54 65 27 63 68 35 43 55 75 53 3 1 32 41 40 37 26 2 42 60 规划时间 [12,7.5,7][0.,8.7,13.3][0.,15.4,21.9][1.,9.20,11.3][1.,13.7,16.4][2.,8.0,15.2][3.,9.0,15.2][3.,16.0,20.9][4.,8.70,16.0][4.,16.7,20.0][5.,8.5,16.1][6.,7.0,14.4][7.,8.0,10.5][7.,13.1,19.5][8.,8.5,14.5][9.,7.5,13.9][9.,15.6,17.9][9.,19.0,20.6][10,7.5,11.4][10,13.1,18.8][10,19.8,21.1][11,9.39,16.8][11,18.0,21.8]
30  2923.2859999999996  消费数 6588.78  四个目标值 -2923.2859999999996 22 13.631465898354753 108.26449780327901 8 规划路径 46 58 54 65 62 63 68 35 43 55 75 53 3 1 32 31 24 37 26 41 42 60 规划时间 [11,15.1,7][0.,8.7,14.1][0.,15.5,18.9][1.,10.0,12.2][1.,14.6,21.7][2.,9.5,17.4][3.,9.0,13.2][3.,14.0,19.2][4.,7.5,13.2][4.,14.0,20.4][5.,8.5,11.5][5.,14.5,16.3][6.,8.0,15.4][6.,18.0,19.0][7.,8.5,15.3][8.,7.5,9.19][8.,9.90,16.3][8.,17.0,18.6][9.,7.5,12.5][9.,14.3,22.0][10,9.59,17.1][10,17.6,21.1][11,7.30,14.3]
31  3157.1240000000003  消费数 6787.37  四个目标值 -3157.1240000000003 23 13.612155440321317 108.64657559254242 8 规划路径 46 52 54 7 62 63 68 35 43 55 40 53 36 33 32 31 24 37 26 74 42 60 57 规划时间 [11,12.1,7][0.,8.7,13.8][0.,15.9,21.8][1.,9.10,12.5][2.,8.5,16.0][2.,17.7,22.0][3.,7.09,11.5][3.,12.2,15.5][4.,7.5,10.0][4.,10.9,18.7][5.,8.5,9.90][5.,10.8,17.5][6.,8.0,9.90][6.,10.6,12.6][6.,13.3,20.5][7.,7.5,10.4][7.,11.0,14.9][7.,15.5,21.5][8.,7.69,11.9][8.,13.6,19.5][9.,8.59,16.4][10,7.0,10.9][10,12.0,19.8][11,8.5,11.3]
32  2048.6370000000006  消费数 5508.66  四个目标值 -2048.6370000000006 22 13.295981683536494 108.98358511415263 8 规划路径 46 45 54 65 62 63 68 35 43 55 40 53 36 33 32 31 24 28 26 41 42 60 规划时间 [11,11.8,7][0.,8.7,10.7][0.,10.8,14.3][1.,10.0,14.6][1.,16.9,20.4][1.,20.5,21.7][2.,9.0,15.6][2.,16.2,21.4][3.,9.20,14.7][3.,15.5,20.5][4.,8.5,14.7][4.,15.5,18.2][5.,8.0,15.5][6.,9.0,11.0][6.,11.5,17.4][7.,7.5,15.3][8.,8.0,14.4][8.,15.0,21.1][9.,7.09,12.3][9.,13.5,20.0][10,7.69,15.0][10,15.6,19.8][11,7.0,11.1]
33  2524.6620000000007  消费数 5791.54  四个目标值 -2524.6620000000007 22 13.835897167171714 88.43306525229951 9 规划路径 46 45 54 65 62 63 68 35 43 55 40 53 36 33 3 67 24 37 26 15 59 60 规划时间 [9.,21.3,7][0.,8.7,9.8][0.,9.9,14.3][1.,10.0,14.1][1.,16.4,19.9][1.,20.0,21.5][2.,9.0,13.2][2.,13.8,15.7][3.,7.5,15.2][3.,16.0,21.7][4.,8.0,12.4][4.,13.2,18.0][5.,8.0,15.1][6.,9.0,12.0][6.,12.5,18.6][6.,20.6,21.8][7.,7.40,8.5][7.,10.3,15.9][8.,7.5,9.19][8.,11.0,13.6][8.,16.5,21.4][9.,8.59,13.0][9.,13.1,20.5]
34  3901.152  消费数 7708.48  四个目标值 -3901.152 23 14.695489583280711 92.20128579143235 9 规划路径 46 52 54 65 62 70 68 35 14 55 75 53 36 33 3 67 24 37 26 15 42 60 57 规划时间 [10,15.5,7][0.,8.7,16.4][0.,18.5,21.1][1.,8.39,11.7][1.,14.0,15.7][1.,15.8,19.2][2.,7.5,14.0][2.,17.7,21.2][3.,9.09,13.2][3.,14.7,20.7][4.,8.0,14.7][5.,7.0,8.40][5.,11.8,15.8][6.,9.0,15.3][6.,15.9,17.4][6.,19.4,21.0][7.,8.5,13.9][7.,15.6,16.9][8.,7.5,14.3][8.,16.0,18.9][9.,7.0,10.5][9.,11.6,14.8][9.,16.0,18.5][10,8.5,14.8]
35  2267.542  消费数 5480.43  四个目标值 -2267.542 22 13.379599405143775 93.94698950528016 9 规划路径 46 45 54 65 62 67 68 35 43 55 40 53 36 33 32 38 24 37 26 41 42 60 规划时间 [10,11.8,7][0.,8.7,11.5][0.,11.6,13.8][1.,10.0,13.0][1.,15.2,20.7][1.,20.7,21.9][2.,7.60,11.8][2.,12.1,18.2][3.,7.5,11.5][3.,12.2,15.4][4.,8.5,13.7][4.,14.7,15.9][5.,8.0,15.5][6.,9.0,16.1][6.,16.8,19.3][7.,7.5,10.9][7.,12.0,18.1][7.,19.3,21.4][8.,7.5,15.0][8.,16.9,18.6][9.,7.0,14.5][9.,15.1,22.0][10,8.19,11.0]
36  2188.364  消费数 5224.93  四个目标值 -2188.364 22 13.32218077618439 94.68710986425569 9 规划路径 46 45 54 65 62 67 68 35 43 57 40 53 36 33 32 31 24 37 26 38 42 60 规划时间 [10,7.59,7][0.,8.7,10.3][0.,10.4,16.2][1.,10.0,12.3][1.,14.7,21.4][2.,9.5,16.5][3.,8.5,15.5][3.,15.7,19.4][4.,7.20,14.4][4.,15.2,18.2][5.,8.5,15.6][5.,16.9,19.1][6.,8.0,12.0][6.,12.9,16.0][6.,16.5,19.1][7.,7.5,11.9][7.,12.5,14.1][7.,14.9,16.0][8.,7.5,15.3][8.,17.0,20.0][9.,7.0,11.4][9.,12.3,19.5][9.,20.8,21.9]
37  2536.6490000000003  消费数 5975.5  四个目标值 -2536.6490000000003 23 14.465840671540164 102.5046628868593 9 规划路径 46 45 54 65 62 63 68 35 43 55 40 53 36 33 3 67 24 37 26 15 42 60 57 规划时间 [10,11.6,7][0.,8.7,14.1][0.,14.2,17.3][1.,10.0,12.1][1.,14.3,17.7][1.,17.7,20.9][2.,9.0,11.6][2.,12.2,19.4][3.,7.20,11.2][3.,12.0,19.0][4.,8.5,12.2][4.,13.2,20.2][5.,8.0,15.3][6.,9.0,14.1][6.,14.8,20.5][7.,7.59,13.1][7.,13.8,16.1][7.,18.0,20.9][8.,7.0,14.0][8.,15.8,20.9][9.,8.80,15.3][9.,16.4,17.5][9.,18.8,21.0][10,8.5,11.0]
38  2534.5580000000004  消费数 5944.12  四个目标值 -2534.5580000000004 22 13.850762445279177 103.66129877971207 9 规划路径 46 45 54 65 62 63 68 35 43 55 40 53 36 33 3 67 24 37 26 15 42 60 规划时间 [10,15.5,7][0.,8.7,14.1][0.,14.2,15.8][1.,10.0,16.2][1.,18.5,21.7][2.,9.5,17.2][3.,9.0,15.7][3.,16.5,21.2][4.,9.09,11.9][4.,12.7,18.4][5.,8.5,9.90][5.,10.8,15.8][6.,8.0,12.4][6.,13.1,14.9][6.,15.5,17.5][6.,19.5,21.8][7.,7.40,13.3][7.,15.0,21.9][8.,8.0,14.6][8.,16.5,20.6][9.,8.59,16.4][9.,17.5,21.8][10,8.0,14.8]
39  2858.33  消费数 6604.3  四个目标值 -2858.33 22 13.836760789469896 103.85448876553528 9 规划路径 46 52 54 65 62 63 68 35 14 55 40 53 36 33 3 67 24 37 26 15 42 60 规划时间 [10,19.6,7][0.,8.7,10.5][0.,12.6,17.1][1.,10.0,14.1][1.,16.4,20.1][1.,20.2,21.4][2.,9.0,16.5][2.,17.2,20.7][3.,8.59,15.5][3.,17.0,21.0][4.,8.29,13.5][4.,14.4,20.9][5.,8.0,15.6][6.,9.0,11.4][6.,12.0,19.6][7.,8.5,16.0][8.,8.5,13.1][8.,15.0,20.4][9.,7.5,14.8][9.,16.5,21.8][10,9.69,13.1][10,14.3,16.5][10,17.6,18.8]
40  2413.7360000000003  消费数 5625.3  四个目标值 -2413.7360000000003 22 13.364462999300944 104.3728459999715 9 规划路径 46 45 54 65 62 67 68 35 43 55 40 53 19 33 32 31 24 37 26 15 42 60 规划时间 [10,10.0,7][0.,8.7,10.7][0.,10.8,16.8][1.,10.0,13.8][1.,16.2,21.2][2.,9.5,17.2][3.,8.5,13.7][3.,13.9,21.0][4.,8.79,16.7][4.,17.5,20.0][5.,8.5,16.5][5.,17.4,20.5][6.,8.0,10.8][6.,12.0,16.5][6.,18.0,20.3][7.,7.5,12.9][7.,13.5,15.5][7.,16.1,20.1][8.,7.5,12.9][8.,14.6,21.0][9.,9.0,16.6][9.,17.8,21.0][10,7.30,9.40]
41  3701.8109999999997  消费数 7647.99  四个目标值 -3701.8109999999997 23 14.619007233644169 106.71527672929037 9 规划路径 46 52 54 65 62 63 68 35 14 55 75 53 3 1 38 67 24 37 26 15 42 60 57 规划时间 [11,13.6,7][0.,8.7,14.7][0.,16.8,19.7][1.,7.0,12.2][1.,14.6,21.2][2.,9.5,14.0][2.,14.1,17.4][2.,18.0,21.2][3.,9.0,11.0][3.,12.5,20.0][4.,7.29,14.0][5.,7.0,12.9][6.,8.0,13.0][6.,15.6,19.0][7.,8.5,11.3][7.,13.9,21.9][8.,9.59,12.3][8.,14.0,18.4][9.,7.5,15.0][9.,16.9,19.3][10,7.19,12.3][10,13.4,19.0][10,20.1,21.6][11,8.5,12.8]
42  3329.6900000000005  消费数 7145.66  四个目标值 -3329.6900000000005 22 14.02870062939295 107.60781113700813 9 规划路径 46 52 54 65 62 63 68 35 14 55 75 53 36 33 3 67 24 37 26 15 42 60 规划时间 [10,15.1,7][0.,8.7,14.1][0.,16.2,20.1][1.,7.39,12.7][1.,15.0,18.6][1.,18.7,21.0][2.,9.0,16.0][2.,16.7,20.7][3.,8.59,16.2][3.,17.7,19.0][4.,8.5,16.0][5.,7.0,14.4][6.,8.0,12.4][6.,13.1,16.0][6.,16.5,21.9][7.,8.90,15.3][7.,15.9,17.0][7.,18.8,21.4][8.,7.5,12.3][8.,14.0,21.5][9.,9.5,11.6][9.,12.8,20.1][10,7.0,14.5]
43  4143.4529999999995  消费数 7944.63  四个目标值 -4143.4529999999995 23 13.815148402670324 109.7252424697216 9 规划路径 46 52 54 65 62 63 68 35 43 55 21 53 3 1 23 41 24 70 26 74 42 60 57 规划时间 [12,15.3,7][0.,8.7,16.7][0.,18.8,21.7][1.,9.0,13.2][1.,15.5,21.5][2.,9.5,14.2][2.,14.2,17.2][2.,17.9,19.9][3.,7.70,10.4][3.,11.2,15.9][4.,8.5,16.2][5.,8.5,15.3][6.,8.0,14.5][6.,17.0,20.8][7.,8.5,15.0][7.,15.9,19.8][8.,7.30,15.1][8.,17.0,19.8][9.,10.0,16.6][10,7.0,13.6][11,8.5,11.5][11,16.3,18.3][11,19.6,20.8][12,8.5,14.6]
44  2696.0540000000005  消费数 6108.92  四个目标值 -2696.0540000000005 22 13.406916988649375 110.96544610702406 9 规划路径 46 52 54 65 62 63 68 35 43 55 40 53 36 33 32 67 24 37 26 15 42 60 规划时间 [10,12.5,7][0.,8.7,15.3][0.,17.4,21.1][1.,8.39,11.3][1.,13.7,19.6][1.,19.7,21.7][2.,9.0,13.8][2.,14.6,20.2][3.,8.09,15.7][3.,16.5,20.5][4.,8.5,15.2][4.,16.0,20.2][5.,8.0,12.5][5.,13.3,16.8][5.,17.4,20.9][6.,7.5,15.4][7.,8.5,14.5][7.,16.4,20.1][8.,7.5,15.4][8.,17.1,20.6][9.,8.59,12.5][9.,13.6,21.1][10,7.40,11.9]
45  2701.8620000000005  消费数 5957.11  四个目标值 -2701.8620000000005 23 14.097342192883172 86.17018606523332 10 规划路径 46 52 54 65 62 63 68 35 43 55 40 53 36 33 3 67 24 37 26 15 42 60 57 规划时间 [8.,17.4,7][0.,8.7,13.6][0.,15.7,20.5][1.,7.80,13.2][1.,15.5,19.1][1.,19.2,20.6][2.,9.0,14.7][2.,15.5,20.2][3.,8.0,15.7][3.,16.5,19.7][4.,8.5,10.5][4.,11.5,15.0][4.,15.2,16.2][5.,9.0,14.1][5.,14.8,19.9][6.,8.5,11.8][6.,12.4,16.5][6.,18.4,21.5][7.,7.69,10.8][7.,12.5,14.8][7.,17.6,19.1][7.,20.3,21.6][8.,7.90,13.0][8.,13.0,16.6]
46  2912.9240000000004  消费数 6157.49  四个目标值 -2912.9240000000004 22 13.736126094246096 89.72303428707407 10 规划路径 46 45 54 65 62 63 68 35 43 55 40 53 36 33 3 67 24 37 26 12 31 60 规划时间 [9.,21.4,7][0.,8.7,12.7][0.,12.8,14.8][1.,10.0,16.0][1.,18.2,20.9][1.,21.0,22.0][2.,7.10,14.8][2.,15.6,18.7][3.,7.5,14.4][3.,15.2,16.2][4.,8.5,13.5][4.,14.5,17.7][5.,8.0,14.3][5.,15.0,16.9][5.,17.5,19.5][6.,8.5,9.69][6.,10.3,12.5][6.,14.4,19.4][7.,7.5,11.8][7.,13.5,21.0][8.,9.09,15.4][9.,8.0,10.5][9.,13.1,20.6]
47  2759.6369999999997  消费数 5886.66  四个目标值 -2759.6369999999997 22 13.558837013732642 89.92070604136526 10 规划路径 46 45 73 65 62 63 68 35 43 55 40 53 36 33 3 67 24 37 26 41 42 60 规划时间 [9.,12.1,7][0.,8.7,14.8][0.,14.9,17.3][1.,8.60,15.1][1.,17.2,19.7][1.,19.9,21.6][2.,9.0,12.8][2.,13.6,15.6][3.,7.5,13.7][3.,14.5,15.7][4.,8.5,11.5][4.,12.5,16.5][5.,8.0,13.0][5.,13.8,16.8][5.,17.4,21.1][6.,8.19,10.5][6.,11.1,13.5][6.,15.3,21.6][7.,7.80,14.0][7.,15.9,21.4][8.,9.0,15.5][8.,16.0,21.8][9.,8.0,11.5]
48  2833.5310000000004  消费数 6133.09  四个目标值 -2833.5310000000004 22 13.619329866203355 91.55793649770115 10 规划路径 46 45 54 65 62 63 68 35 43 55 40 53 36 33 3 67 24 37 26 78 42 60 规划时间 [9.,20.5,7][0.,8.7,14.4][0.,14.5,15.9][1.,10.0,16.9][1.,19.2,20.5][1.,20.6,21.7][2.,9.0,12.7][2.,13.5,17.9][3.,7.5,10.4][3.,11.2,19.2][4.,8.5,15.5][4.,16.5,19.7][5.,8.0,15.5][6.,9.0,15.9][6.,16.5,21.9][7.,8.90,13.8][7.,14.4,15.8][7.,17.5,20.4][8.,7.5,10.0][8.,11.8,13.8][8.,17.6,19.4][9.,7.90,15.3][9.,16.5,19.8]
49  2421.209  消费数 5730.77  四个目标值 -2421.209 22 13.546258624697096 91.99965052336991 10 规划路径 46 45 54 65 62 63 68 35 43 55 40 53 36 33 3 67 24 37 26 38 42 60 规划时间 [10,7.59,7][0.,8.7,16.7][1.,8.5,13.7][2.,10.0,15.8][2.,18.2,20.5][2.,20.5,21.9][3.,7.0,14.5][3.,15.2,17.0][4.,7.5,9.79][4.,10.5,16.2][5.,8.5,12.6][5.,13.5,17.0][6.,8.0,12.5][6.,13.3,14.5][6.,15.0,18.1][6.,20.1,21.1][7.,8.5,16.0][7.,17.9,22.0][8.,8.09,12.6][8.,14.5,21.4][9.,8.30,15.3][9.,16.1,19.4][9.,20.5,21.9]
50  4080.1769999999997  消费数 8021.36  四个目标值 -4080.1769999999997 23 14.50437088261109 93.36349677840477 10 规划路径 46 52 54 65 62 63 68 35 14 55 75 53 3 1 38 67 24 37 26 12 31 60 57 规划时间 [11,15.6,7][0.,8.7,12.5][0.,14.6,16.5][1.,10.0,15.6][1.,17.9,20.7][1.,20.9,21.9][2.,7.0,8.79][2.,9.5,16.2][3.,7.5,10.7][3.,12.2,17.7][4.,8.5,10.0][4.,13.0,15.4][5.,8.0,12.8][5.,15.4,17.5][6.,8.5,10.5][6.,13.1,15.6][7.,8.5,11.8][7.,13.5,21.0][8.,7.19,14.3][8.,16.0,21.8][9.,9.80,17.4][10,8.0,14.5][10,17.1,18.3][11,8.5,15.0]
51  2879.641  消费数 6179.2  四个目标值 -2879.641 22 13.6906465929872 93.68154323072675 10 规划路径 46 45 54 65 62 63 68 35 43 55 40 53 36 33 3 67 24 37 26 12 42 60 规划时间 [9.,10.5,7][0.,8.7,13.1][0.,13.2,16.8][1.,10.0,12.7][1.,15.0,21.7][2.,9.5,14.0][2.,14.1,15.1][2.,15.7,17.5][3.,7.5,13.0][3.,13.9,21.0][4.,7.29,13.0][4.,13.9,21.2][5.,8.0,14.6][5.,15.5,16.5][5.,17.1,18.9][5.,20.9,21.9][6.,7.5,15.0][6.,16.8,20.4][7.,7.5,13.9][7.,15.6,19.8][8.,7.80,14.1][8.,19.0,21.0][9.,7.19,9.90]
52  3630.7540000000004  消费数 7366.01  四个目标值 -3630.7540000000004 23 14.412346276578116 94.01919508365022 10 规划路径 46 52 54 65 62 63 68 35 14 55 75 53 36 33 3 67 24 37 26 78 42 60 57 规划时间 [9.,16.0,7][0.,8.7,16.5][0.,18.6,21.1][1.,8.39,11.2][1.,13.5,19.2][1.,19.2,20.9][2.,9.0,14.3][2.,15.1,20.9][3.,8.70,13.5][3.,15.0,21.0][4.,8.40,13.2][4.,16.2,17.5][5.,8.0,11.1][5.,12.0,15.8][5.,16.4,19.0][6.,8.5,11.1][6.,11.8,13.1][6.,15.0,19.1][7.,7.5,11.3][7.,13.0,18.8][8.,7.69,15.5][8.,19.0,21.3][9.,7.5,13.0][9.,13.0,15.3]
53  3227.9409999999993  消费数 6655.06  四个目标值 -3227.9409999999993 23 14.385992689745642 96.03577686243867 10 规划路径 46 52 54 65 62 63 68 35 43 30 75 53 36 33 3 67 24 37 26 40 42 60 57 规划时间 [9.,11.9,7][0.,8.7,13.6][0.,15.7,20.8][1.,8.10,12.7][1.,15.1,19.4][1.,19.5,20.7][2.,9.0,16.4][2.,17.0,21.2][3.,9.0,14.7][3.,15.5,20.7][4.,7.59,10.0][4.,13.7,17.5][5.,8.0,11.6][5.,12.5,15.8][5.,16.4,19.8][6.,8.5,13.5][6.,14.0,15.6][6.,17.5,20.8][7.,7.5,14.5][7.,16.4,20.3][8.,8.0,12.8][8.,13.6,21.0][9.,7.19,9.5][9.,9.5,11.1]
54  3741.1229999999996  消费数 7271.38  四个目标值 -3741.1229999999996 23 14.078185374051538 96.29305753049496 10 规划路径 46 52 54 65 62 63 68 35 43 30 75 53 36 33 3 67 24 37 26 74 42 60 57 规划时间 [10,16.0,7][0.,8.7,16.0][0.,18.1,20.4][1.,7.69,12.2][1.,14.6,17.1][1.,17.2,21.7][2.,9.0,11.5][2.,12.2,17.7][3.,7.5,14.5][3.,15.4,18.2][4.,9.0,16.2][5.,7.0,10.6][5.,14.0,16.5][6.,9.0,16.0][6.,16.6,20.5][7.,7.5,15.0][7.,15.5,17.0][7.,18.8,21.6][8.,7.80,11.5][8.,13.4,16.6][9.,8.5,10.1][9.,15.0,19.1][9.,20.4,21.5][10,8.5,15.3]
55  3070.7659999999996  消费数 6634.19  四个目标值 -3070.7659999999996 22 13.655729990612622 96.4964221971606 10 规划路径 46 52 54 65 62 63 68 35 43 55 75 53 36 33 3 67 24 37 26 41 42 60 规划时间 [11,7.5,7][0.,8.7,13.2][0.,15.3,16.8][1.,10.0,13.7][1.,16.1,19.1][1.,19.2,20.6][2.,9.0,16.2][2.,17.0,18.2][3.,7.5,12.0][3.,12.7,17.5][4.,8.5,13.5][5.,7.0,13.9][6.,8.0,15.5][7.,9.0,15.4][7.,16.0,20.4][8.,7.40,10.1][8.,10.8,15.8][8.,17.5,20.9][9.,7.5,10.0][9.,11.9,19.4][10,7.0,14.8][10,15.4,16.5][10,17.6,21.8]
56  3332.9089999999997  消费数 7278.88  四个目标值 -3332.9089999999997 22 13.896522287301114 97.9669305263804 10 规划路径 46 52 54 65 62 63 68 35 14 55 40 53 36 33 3 67 24 37 26 12 49 60 规划时间 [11,7.69,7][0.,8.7,16.4][0.,18.5,21.8][1.,9.10,14.1][1.,16.4,17.9][1.,18.0,21.0][2.,9.0,11.5][2.,12.2,14.8][3.,7.5,8.59][3.,10.0,15.9][4.,8.5,14.5][4.,15.4,16.5][5.,8.0,13.0][5.,13.9,15.6][5.,16.3,21.4][6.,8.40,16.0][7.,8.5,10.4][7.,12.1,19.3][8.,7.5,14.1][8.,16.0,20.5][9.,8.59,14.0][10,8.0,14.1][10,15.5,22.0]
57  3985.9679999999994  消费数 7632.15  四个目标值 -3985.9679999999994 23 14.04703864355748 98.03528942898498 10 规划路径 46 52 54 65 62 63 68 35 43 55 75 53 3 1 38 67 24 37 26 74 42 60 57 规划时间 [11,15.8,7][0.,8.7,14.7][0.,16.8,19.8][1.,7.10,9.79][1.,12.1,17.7][1.,17.7,19.5][2.,9.0,13.5][2.,14.2,18.0][3.,7.5,15.0][3.,15.9,19.5][4.,8.5,13.5][5.,7.0,13.6][6.,8.0,14.9][6.,17.5,20.5][7.,8.5,11.6][7.,14.3,16.5][8.,8.5,14.0][8.,15.9,19.1][9.,7.5,12.1][9.,14.0,16.8][10,8.5,11.6][10,16.5,21.8][11,8.10,10.3][11,10.3,15.1]
58  2860.002  消费数 5999.57  四个目标值 -2860.002 22 13.577310829665262 98.06969867874066 10 规划路径 46 45 73 65 62 63 68 35 43 55 40 53 36 33 3 67 24 37 26 15 42 60 规划时间 [9.,14.3,7][0.,8.7,13.4][0.,13.5,16.6][1.,7.89,11.1][1.,13.2,14.7][1.,14.7,21.7][2.,9.0,13.1][2.,13.7,20.0][3.,7.79,9.40][3.,10.2,17.0][4.,8.5,13.7][4.,14.5,20.5][5.,8.0,10.9][5.,11.6,16.8][5.,17.4,21.4][6.,8.40,9.5][6.,10.0,15.8][6.,17.5,18.5][7.,7.5,14.6][7.,16.5,20.6][8.,8.59,14.6][8.,15.8,21.5][9.,7.69,13.5]
59  3225.8499999999995  消费数 6623.69  四个目标值 -3225.8499999999995 22 13.770914463484655 100.17961573316808 10 规划路径 46 52 54 65 62 63 68 35 43 30 75 53 36 33 3 67 24 37 26 40 42 60 规划时间 [9.,21.5,7][0.,8.7,14.5][0.,16.6,19.9][1.,7.19,9.79][1.,12.1,19.4][1.,19.5,21.2][2.,9.0,13.8][2.,14.6,20.7][3.,8.59,15.2][3.,16.0,21.2][4.,8.09,12.7][5.,7.0,14.5][6.,8.0,12.0][6.,12.9,15.6][6.,16.3,21.3][7.,8.30,10.1][7.,10.8,16.3][7.,18.0,22.0][8.,8.09,15.0][8.,16.9,19.9][9.,7.59,9.40][9.,10.3,17.6][9.,18.9,20.8]
60  2699.7710000000006  消费数 6035.74  四个目标值 -2699.7710000000006 22 13.482263966622185 100.4680567016381 10 规划路径 46 52 54 65 62 63 68 35 43 55 40 53 36 33 3 67 24 37 26 15 42 60 规划时间 [9.,20.5,7][0.,8.7,15.5][0.,17.6,20.1][1.,7.39,14.0][1.,16.2,20.9][2.,9.5,17.0][3.,9.0,13.5][3.,14.2,15.7][4.,7.5,14.5][4.,15.4,21.0][5.,7.20,15.0][5.,16.0,19.5][6.,8.0,12.5][6.,13.3,16.5][6.,17.1,20.9][7.,7.90,14.5][7.,15.1,17.3][7.,19.0,20.5][8.,7.5,13.5][8.,15.4,19.6][9.,7.59,9.5][9.,10.5,14.0][9.,15.3,19.8]
61  3282.954  消费数 6678.45  四个目标值 -3282.954 22 13.711354472236327 100.61251814276412 10 规划路径 46 45 54 65 62 63 68 35 43 55 40 53 3 1 38 67 24 37 26 12 31 60 规划时间 [10,17.8,7][0.,8.7,11.7][0.,11.8,16.0][1.,10.0,13.2][1.,15.6,18.2][1.,18.4,20.0][2.,9.0,12.2][2.,12.8,19.2][3.,7.0,12.2][3.,13.0,18.0][4.,8.5,14.7][4.,15.5,19.7][5.,8.0,11.3][5.,13.9,21.4][6.,8.5,13.5][6.,16.1,20.8][7.,8.5,15.1][7.,17.0,18.9][8.,7.5,13.0][8.,14.8,21.8][9.,9.80,17.1][10,8.0,11.8][10,14.4,17.1]
62  3804.2690000000002  消费数 7820.24  四个目标值 -3804.2690000000002 22 14.088462127224169 101.22044776039364 10 规划路径 46 52 54 65 62 63 68 35 14 55 75 53 36 33 3 67 24 37 26 12 49 60 规划时间 [11,17.5,7][0.,8.7,12.3][0.,14.4,19.9][1.,7.19,12.7][1.,15.0,21.9][2.,9.5,16.9][3.,9.0,12.5][3.,13.2,14.4][4.,7.5,15.4][4.,16.9,18.5][5.,8.5,16.0][6.,7.0,12.0][6.,15.4,16.5][7.,9.0,14.6][7.,15.3,20.4][8.,7.40,11.9][8.,12.5,16.4][8.,18.1,21.8][9.,7.90,14.0][9.,15.9,20.9][10,8.90,11.9][11,8.0,11.1][11,12.5,16.8]
63  4046.8939999999993  消费数 7933.07  四个目标值 -4046.8939999999993 23 14.458891381352194 102.00556381525875 10 规划路径 46 52 54 65 62 63 68 35 14 55 75 53 3 1 38 67 24 37 26 12 42 60 57 规划时间 [10,17.6,7][0.,8.7,14.0][0.,16.1,19.6][1.,10.0,16.5][1.,18.7,19.9][1.,20.0,21.7][2.,9.0,12.3][2.,13.1,20.0][3.,7.79,15.2][3.,16.7,20.2][4.,7.59,14.5][5.,7.0,8.90][5.,12.3,14.9][5.,17.5,20.1][6.,8.5,16.0][6.,18.6,20.8][7.,8.5,14.5][7.,16.4,20.5][8.,7.5,13.4][8.,15.1,21.0][9.,9.09,14.0][9.,19.0,21.6][10,7.90,15.8][10,15.8,16.8]
64  4376.909999999999  消费数 7988.09  四个目标值 -4376.909999999999 23 13.764035223647648 102.80185340399237 10 规划路径 46 52 54 65 62 63 68 35 43 55 75 53 3 1 38 67 24 48 26 74 42 60 57 规划时间 [11,14.6,7][0.,8.7,14.4][0.,16.5,21.5][1.,8.79,13.8][1.,16.2,18.7][1.,18.9,20.1][2.,9.0,14.1][2.,14.7,17.4][3.,7.5,10.4][3.,11.2,17.2][4.,8.5,12.0][4.,15.0,17.0][5.,8.0,15.4][5.,18.0,21.1][6.,8.5,14.0][6.,16.5,20.3][7.,8.0,14.0][7.,15.8,21.9][8.,10.0,13.9][8.,17.9,19.5][9.,8.69,16.4][10,7.0,10.5][10,11.6,18.3][11,8.5,14.0]
65  3628.6630000000005  消费数 7444.63  四个目标值 -3628.6630000000005 22 13.797268050317129 105.0241057414251 10 规划路径 46 52 54 65 62 63 68 35 14 55 75 53 36 33 3 67 24 37 26 78 42 60 规划时间 [10,16.1,7][0.,8.7,12.0][0.,14.1,20.1][1.,7.39,13.2][1.,15.6,22.0][2.,7.10,9.39][2.,9.5,12.8][2.,13.6,21.5][3.,9.29,13.7][3.,15.2,18.2][4.,8.5,15.7][5.,7.0,10.9][5.,14.3,15.5][6.,9.0,13.8][6.,14.4,20.3][7.,7.30,13.0][7.,13.5,16.6][7.,18.5,21.5][8.,7.69,12.6][8.,14.5,22.0][9.,10.9,15.3][9.,18.8,21.3][10,7.5,15.4]
66  3171.131  消费数 6687.1  四个目标值 -3171.131 22 13.674203806545243 107.35798291318723 10 规划路径 46 52 54 65 62 63 68 35 43 55 75 53 36 33 3 67 24 37 26 15 42 60 规划时间 [10,14.9,7][0.,8.7,15.8][0.,17.9,20.6][1.,7.89,13.5][1.,15.7,19.2][1.,19.4,20.7][2.,9.0,13.0][2.,13.7,21.0][3.,8.79,10.0][3.,10.9,18.5][4.,8.5,16.4][5.,7.0,14.8][6.,8.0,12.0][6.,12.8,15.5][6.,16.1,17.3][6.,19.3,21.6][7.,7.30,15.0][7.,16.9,20.3][8.,7.5,15.1][8.,17.0,20.0][9.,7.90,14.0][9.,15.1,21.8][10,8.0,14.1]
67  3541.1609999999996  消费数 7158.06  四个目标值 -3541.1609999999996 22 13.649432184535472 108.18884116496298 10 规划路径 46 52 54 65 62 63 68 35 43 55 75 53 3 1 38 67 24 37 26 15 42 60 规划时间 [11,12.3,7][0.,8.7,13.8][0.,15.9,19.9][1.,7.19,12.6][1.,14.8,20.7][1.,20.9,21.9][2.,7.0,9.60][2.,10.2,17.0][3.,7.5,15.0][3.,15.9,18.2][4.,8.5,15.2][5.,7.0,13.4][6.,8.0,10.4][6.,13.0,19.1][7.,8.5,14.1][7.,16.8,21.5][8.,9.30,16.1][8.,18.0,19.5][9.,7.5,13.9][9.,15.6,21.0][10,8.90,13.6][10,14.8,20.3][11,7.0,11.6]
68  3983.8769999999995  消费数 7710.77  四个目标值 -3983.8769999999995 22 13.431960417296493 112.66053666827631 10 规划路径 46 52 54 65 62 63 68 35 43 55 75 53 3 1 38 67 24 37 26 74 42 60 规划时间 [12,15.8,7][0.,8.7,16.1][0.,18.2,21.4][1.,8.70,11.5][1.,13.7,21.6][2.,9.5,17.2][3.,9.0,16.0][3.,16.7,21.9][4.,9.70,13.5][4.,14.2,20.5][5.,8.5,15.1][6.,7.0,12.6][7.,8.0,9.30][7.,11.9,18.0][8.,8.5,9.80][8.,12.4,15.6][9.,8.5,14.1][9.,16.0,21.9][10,8.0,14.5][10,16.3,19.6][11,8.69,11.8][11,16.6,21.3][12,7.5,15.1]
69  2746.6529999999993  消费数 5726.22  四个目标值 -2746.6529999999993 22 13.272807009083184 90.07336347584493 11 规划路径 46 45 73 65 62 63 68 35 43 55 40 53 36 33 3 67 24 37 26 38 42 60 规划时间 [8.,13.5,7][0.,8.7,16.1][0.,16.2,17.2][1.,8.5,11.0][1.,13.2,18.7][1.,18.7,21.4][2.,9.0,15.6][2.,16.2,20.7][3.,8.5,10.5][3.,11.2,14.7][3.,15.9,17.4][3.,18.2,20.9][4.,8.0,11.7][4.,12.5,16.0][4.,16.7,18.4][4.,20.4,21.7][5.,7.40,15.4][5.,17.1,20.4][6.,7.5,12.0][6.,13.8,19.5][7.,7.0,14.8][7.,15.6,22.0][8.,8.19,12.9]
70  3000.8350000000005  消费数 6586.09  四个目标值 -3000.8350000000005 23 13.865909613807354 91.73221972144397 11 规划路径 46 52 54 65 62 63 68 35 43 55 40 53 36 33 3 67 24 37 26 78 42 60 57 规划时间 [11,10.3,7][0.,8.7,11.6][0.,13.7,17.9][1.,10.0,16.7][1.,19.1,21.5][2.,9.5,16.7][3.,9.0,12.5][3.,13.2,16.2][4.,7.5,13.2][4.,14.0,16.2][5.,8.5,11.1][5.,12.0,15.3][5.,15.5,16.8][6.,9.0,15.4][6.,16.0,18.0][6.,20.0,21.8][7.,7.40,9.19][7.,11.0,15.5][8.,7.5,15.0][8.,16.9,21.4][9.,10.3,17.8][10,7.0,13.1][10,14.4,17.3][11,8.5,9.60]
71  3516.2139999999995  消费数 6982.18  四个目标值 -3516.2139999999995 22 13.514087954253268 92.86996806424315 11 规划路径 46 52 54 65 62 63 68 35 43 55 75 53 36 33 3 67 24 37 26 12 42 60 规划时间 [10,7.69,7][0.,8.7,10.7][0.,12.8,20.3][1.,7.60,15.2][1.,17.5,18.5][1.,18.6,20.2][2.,9.0,15.7][2.,16.4,19.5][3.,7.40,13.5][3.,14.2,19.2][4.,8.5,9.70][4.,12.7,14.9][5.,8.0,15.8][6.,9.0,16.1][6.,16.8,17.9][6.,19.9,21.6][7.,7.30,13.8][7.,15.5,21.0][8.,7.19,8.40][8.,10.1,16.4][8.,19.4,21.8][9.,11.6,19.0][9.,20.3,22.0]
72  3125.283  消费数 6446.25  四个目标值 -3125.283 22 13.257206496030655 93.34621034354181 11 规划路径 46 52 54 65 62 63 68 35 43 30 40 53 36 33 3 67 24 37 26 78 42 60 规划时间 [9.,12.8,7][0.,8.7,14.2][0.,16.3,20.4][1.,7.69,15.7][1.,18.0,20.5][1.,20.6,21.7][2.,9.0,15.6][2.,16.2,22.0][3.,9.79,16.2][3.,17.0,19.9][4.,9.0,10.0][4.,11.7,16.5][5.,8.0,13.3][5.,14.0,15.5][5.,16.1,19.6][6.,8.5,15.8][6.,16.4,17.5][6.,19.3,21.0][7.,7.09,12.8][7.,14.5,19.0][8.,7.90,10.9][8.,14.4,20.4][9.,7.0,12.0]
73  3447.2999999999993  消费数 6860.14  四个目标值 -3447.2999999999993 22 13.432910340722033 94.39798804498932 11 规划路径 46 52 54 65 62 63 68 35 43 55 75 53 3 33 38 67 24 37 26 40 42 60 规划时间 [9.,14.0,7][0.,8.7,13.6][0.,15.7,21.2][1.,8.5,15.5][1.,17.7,20.0][1.,20.1,21.2][2.,9.0,14.5][2.,15.2,18.5][3.,7.5,8.90][3.,9.70,14.0][3.,15.2,17.0][4.,7.0,8.0][4.,11.4,16.9][4.,19.5,21.0][5.,8.0,14.4][5.,15.0,20.5][6.,8.30,15.1][6.,17.0,21.6][7.,7.80,9.09][7.,10.9,18.5][8.,9.0,15.6][8.,16.5,20.4][9.,7.0,13.3]
74  3595.2889999999998  消费数 7046.26  四个目标值 -3595.2889999999998 22 13.449146335953714 94.85965828986431 11 规划路径 46 52 54 65 62 63 68 35 43 30 75 53 36 33 3 67 24 37 26 78 42 60 规划时间 [10,9.40,7][0.,8.7,12.1][0.,14.2,19.8][1.,7.10,12.3][1.,14.7,16.2][1.,16.4,20.2][2.,9.0,14.1][2.,14.7,16.7][3.,7.5,15.2][3.,16.0,20.0][4.,7.0,14.0][5.,7.0,14.1][6.,8.0,9.09][6.,9.90,13.1][6.,13.8,18.4][6.,20.4,21.6][7.,7.30,11.5][7.,13.3,20.5][8.,7.5,13.0][8.,14.9,17.6][9.,7.0,9.59][9.,13.0,20.5][10,7.0,8.69]
75  3470.104  消费数 6936.07  四个目标值 -3470.104 22 13.442771227469422 95.70105121931311 11 规划路径 46 52 54 65 62 63 68 35 43 55 75 53 36 33 3 67 24 37 26 78 42 60 规划时间 [10,20.6,7][0.,8.7,15.5][0.,17.6,20.4][1.,7.69,14.5][1.,16.7,21.2][2.,9.5,16.7][3.,9.0,14.9][3.,15.5,21.4][4.,9.20,16.2][4.,17.0,21.5][5.,7.79,13.9][6.,7.0,11.6][6.,15.0,16.5][7.,9.0,12.0][7.,12.5,14.4][7.,16.4,17.5][8.,8.5,16.0][8.,17.9,19.1][9.,7.5,13.1][9.,15.0,18.5][10,7.5,10.0][10,13.5,15.5][10,16.6,20.0]
76  3641.3989999999994  消费数 7142.37  四个目标值 -3641.3989999999994 22 13.520463062737559 98.2270344494712 11 规划路径 46 52 54 65 62 63 68 35 43 30 75 53 36 33 3 67 24 37 26 12 42 60 规划时间 [10,13.6,7][0.,8.7,13.0][0.,15.1,20.7][1.,8.0,10.2][1.,12.6,16.7][1.,16.9,20.4][2.,9.0,14.0][2.,14.7,17.7][3.,7.5,13.9][3.,14.7,20.5][4.,7.40,13.7][5.,7.0,12.5][5.,15.9,17.0][6.,9.0,12.0][6.,12.6,20.3][7.,7.30,14.8][7.,15.4,16.6][7.,18.5,20.0][8.,7.5,11.5][8.,13.3,21.1][9.,9.19,12.1][9.,17.0,20.4][10,7.0,13.0]
77  2998.7440000000006  消费数 6554.71  四个目标值 -2998.7440000000006 22 13.250831387546366 109.90369239714353 11 规划路径 46 52 54 65 62 63 68 35 43 55 40 53 36 33 3 67 24 37 26 78 42 60 规划时间 [11,16.1,7][0.,8.7,12.0][0.,14.1,19.0][1.,10.0,13.5][1.,15.7,21.1][2.,9.5,17.4][3.,9.0,17.0][3.,17.7,20.7][4.,8.5,15.7][4.,16.5,19.5][5.,8.5,12.8][5.,13.6,16.6][6.,8.0,15.5][7.,9.0,16.9][7.,17.5,18.6][7.,20.6,22.0][8.,7.59,13.8][8.,15.5,20.4][9.,7.5,14.8][9.,16.5,20.5][10,9.40,16.6][10,20.1,21.6][11,7.89,15.3]
78  3517.7659999999996  消费数 7143.73  四个目标值 -3517.7659999999996 22 13.342574792266914 111.17491896023222 11 规划路径 46 52 54 65 62 63 68 35 43 55 75 53 3 33 38 67 24 37 26 15 42 60 规划时间 [11,15.8,7][0.,8.7,12.3][0.,14.4,17.5][1.,10.0,16.2][1.,18.6,21.9][2.,9.5,11.6][2.,11.7,16.0][2.,16.7,19.2][3.,7.0,13.2][3.,14.0,17.0][4.,8.5,15.4][5.,7.0,14.8][6.,8.0,10.5][6.,13.1,20.1][7.,7.19,11.9][7.,12.5,18.5][8.,8.5,15.9][8.,17.6,21.8][9.,7.90,15.4][9.,17.1,21.9][10,9.80,13.5][10,14.6,21.5][11,7.69,15.1]
79  5066.216  消费数 8600.5  四个目标值 -5066.216 23 13.4407192541506 84.82284535203394 12 规划路径 46 52 54 65 12 63 68 35 43 55 75 53 3 33 38 67 24 70 26 74 18 60 57 规划时间 [11,12.0,7][0.,8.7,15.7][0.,17.8,19.2][1.,10.0,13.7][1.,16.0,20.2][2.,7.0,10.0][2.,11.7,13.5][2.,14.2,17.2][3.,7.5,14.0][3.,14.9,18.2][4.,8.5,15.2][5.,7.0,10.5][5.,14.0,16.5][5.,19.0,21.0][6.,8.0,13.5][6.,14.1,15.1][7.,8.5,10.1][7.,12.0,18.6][8.,9.0,10.0][8.,15.0,20.3][9.,9.40,13.9][10,9.0,10.1][10,12.4,18.3][11,8.5,11.3]
