0  1567.991  消费数 3281.28  四个目标值 -1567.991 12 8.141565277463268 46.58863652811166 2 规划路径 26 27 21 37 35 36 53 40 61 45 79 75 规划时间 [5.,20.0,7][0.,10.0,15.6][0.,15.6,17.0][1.,8.5,15.2][2.,7.5,11.2][2.,11.3,16.9][3.,9.0,13.7][3.,14.5,16.7][3.,17.0,20.2][4.,8.5,9.90][4.,11.2,15.5][5.,8.5,14.0][5.,15.0,17.3]
1  1846.6480000000001  消费数 3589.93  四个目标值 -1846.6480000000001 11 6.54019517886883 52.27149877225229 6 规划路径 26 65 24 67 63 3 53 40 61 78 79 规划时间 [5.,17.4,7][0.,10.0,13.0][0.,15.2,21.0][1.,8.20,12.1][1.,13.8,16.9][2.,9.0,16.7][2.,17.7,21.4][3.,9.0,14.7][3.,15.0,21.4][4.,7.59,10.5][4.,13.7,17.5][5.,8.5,15.0]
2  2188.46  消费数 4525.71  四个目标值 -2188.46 12 8.844987945336435 52.21143158656152 1 规划路径 47 35 27 67 62 36 53 40 14 45 79 75 规划时间 [6.,13.1,7][0.,8.8,10.5][0.,12.9,15.7][1.,8.0,15.7][2.,8.5,14.5][2.,15.2,19.5][3.,7.59,14.7][3.,15.5,16.7][3.,17.0,20.9][4.,7.40,13.0][4.,15.5,16.9][5.,8.5,15.5][6.,7.0,10.5]
3  1940.402  消费数 4264.51  四个目标值 -1940.402 11 7.326848500225396 72.56948751908537 4 规划路径 26 27 24 3 62 36 53 40 14 45 79 规划时间 [7.,18.0,7][0.,10.0,17.7][1.,8.0,14.7][1.,15.7,21.7][2.,8.20,12.0][2.,13.2,20.5][3.,8.70,16.2][4.,8.0,12.2][4.,12.5,20.2][5.,8.5,15.5][6.,8.5,16.0][7.,8.5,15.5]
4  798.392  消费数 2278.68  四个目标值 -798.392 10 6.544577652646862 48.822670732766476 2 规划路径 26 27 30 37 35 36 53 40 61 57 规划时间 [5.,16.4,7][0.,10.0,17.6][1.,8.0,15.2][1.,16.9,18.0][2.,7.5,14.2][2.,14.3,16.7][3.,9.0,16.0][4.,8.0,11.5][4.,11.7,18.0][5.,8.5,11.1][5.,11.1,15.6]
5  2167.632  消费数 4512.63  四个目标值 -2167.632 11 8.031303217942142 65.67379086859091 2 规划路径 26 35 27 67 62 36 53 40 14 45 79 规划时间 [7.,17.4,7][0.,10.0,17.7][1.,7.5,15.2][2.,8.0,15.7][3.,8.5,16.2][3.,16.9,20.2][4.,8.40,13.5][4.,14.4,16.5][4.,16.7,20.0][5.,8.5,16.0][6.,8.5,15.3][7.,8.5,15.0]
6  1008.8520000000001  消费数 2583.53  四个目标值 -1008.8520000000001 11 7.260051079172586 51.40397243694744 2 规划路径 26 27 30 37 35 36 53 40 61 45 47 规划时间 [5.,19.4,7][0.,10.0,17.2][1.,8.0,15.8][1.,17.6,19.4][2.,7.5,15.5][2.,15.6,17.5][3.,9.0,16.7][4.,8.0,11.7][4.,12.0,17.5][5.,8.5,10.3][5.,11.5,14.0][5.,14.1,17.5]
7  1469.712  消费数 3295.74  四个目标值 -1469.712 11 7.114767782035035 70.35693919809329 2 规划路径 26 27 30 37 35 36 53 42 61 45 79 规划时间 [7.,17.8,7][0.,10.0,17.9][1.,8.0,15.2][1.,16.9,20.2][2.,7.5,15.2][2.,15.2,17.2][3.,9.0,16.2][4.,8.0,14.9][4.,15.4,21.5][5.,7.70,15.4][6.,8.5,15.8][7.,8.5,15.4]
8  2048.071  消费数 4210.33  四个目标值 -2048.071 12 8.284652081750318 60.421588813668436 3 规划路径 26 35 24 67 62 36 53 40 61 45 79 75 规划时间 [7.,12.4,7][0.,10.0,17.8][1.,7.5,11.8][1.,13.0,19.0][2.,8.5,11.6][2.,12.2,18.0][3.,9.0,15.7][4.,8.0,12.2][4.,12.5,18.2][5.,8.5,13.1][5.,14.5,16.0][6.,8.5,16.0][7.,7.0,9.69]
9  1787.38  消费数 3731.49  四个目标值 -1787.38 11 7.2350272443663695 67.14596314802361 3 规划路径 26 27 24 67 62 36 53 40 61 45 79 规划时间 [6.,18.5,7][0.,10.0,17.1][1.,8.0,13.7][1.,14.7,21.7][2.,8.60,14.7][2.,15.3,21.5][3.,9.70,16.4][4.,8.0,14.7][4.,15.0,21.0][5.,7.29,10.5][5.,11.8,16.4][6.,8.5,16.0]
10  1788.713  消费数 3767.82  四个目标值 -1788.713 11 6.8056642541550705 63.551820688725364 5 规划路径 26 27 24 67 62 3 53 43 61 45 79 规划时间 [7.,18.8,7][0.,10.0,17.6][1.,8.0,11.2][1.,12.2,17.5][2.,8.5,15.1][2.,15.7,20.5][3.,8.5,14.5][4.,8.0,11.0][4.,11.5,17.2][5.,8.5,16.5][6.,8.5,13.8][7.,8.5,16.4]
11  1688.156  消费数 3239.42  四个目标值 -1688.156 11 6.525189485476842 51.09414242305855 6 规划路径 26 27 24 37 35 43 53 40 3 60 79 规划时间 [5.,16.9,7][0.,10.0,17.7][1.,8.0,12.0][1.,13.0,17.2][2.,7.5,9.20][2.,9.29,14.3][2.,15.2,20.4][3.,8.0,12.9][3.,13.2,19.2][4.,7.0,11.9][4.,15.5,16.7][5.,8.5,14.5]
12  1279.578  消费数 2915.61  四个目标值 -1279.578 11 6.652808753242802 46.13521394251977 4 规划路径 26 27 24 37 35 36 53 43 61 54 79 规划时间 [5.,15.1,7][0.,10.0,17.4][1.,8.0,11.7][1.,12.7,16.0][2.,7.5,10.8][2.,11.0,15.7][2.,15.7,17.0][3.,8.0,15.0][3.,15.5,21.2][4.,7.5,11.0][4.,12.7,14.2][5.,8.5,12.8]
13  1754.279  消费数 3363.39  四个目标值 -1754.279 11 6.9734937193960445 50.549494228640945 5 规划路径 26 27 24 3 35 43 53 40 55 45 79 规划时间 [5.,18.5,7][0.,10.0,14.0][0.,14.0,16.1][0.,17.1,21.5][1.,8.0,15.8][2.,7.5,13.8][2.,14.7,18.0][3.,8.0,14.9][3.,15.2,21.0][4.,8.5,14.9][5.,8.5,10.3][5.,14.5,16.0]
14  1644.473  消费数 3284.74  四个目标值 -1644.473 11 7.408599037254676 46.54170088135761 3 规划路径 26 27 1 37 35 43 53 40 55 45 79 规划时间 [5.,17.6,7][0.,10.0,14.0][0.,14.0,16.6][1.,8.5,16.4][2.,7.5,12.7][2.,12.7,14.7][2.,15.5,21.0][3.,8.0,10.0][3.,10.2,17.0][4.,8.5,10.0][4.,12.5,14.7][5.,8.5,15.3]
15  943.471  消费数 2539.5  四个目标值 -943.471 10 6.4238703929799446 59.43721622349545 3 规划路径 26 27 24 37 35 36 53 40 61 45 规划时间 [6.,16.1,7][0.,10.0,16.8][1.,8.0,14.3][1.,15.3,21.4][2.,7.5,13.3][2.,13.5,16.0][3.,9.0,16.5][4.,8.0,14.5][4.,14.9,19.2][5.,8.5,16.0][6.,8.5,14.4]
16  1567.471  消费数 3249.33  四个目标值 -1567.471 11 6.641576233014252 67.96856958501402 4 规划路径 26 27 24 21 35 36 53 43 61 45 79 规划时间 [7.,18.5,7][0.,10.0,17.7][1.,8.0,15.7][1.,16.7,21.5][2.,8.60,15.5][3.,7.5,12.0][3.,12.0,16.5][4.,8.0,15.7][4.,16.2,18.2][5.,8.5,15.5][6.,8.5,16.0][7.,8.5,16.0]
17  1382.967  消费数 3059.0  四个目标值 -1382.967 11 7.024103302126546 61.450902721604876 3 规划路径 26 27 24 37 35 36 53 40 61 45 79 规划时间 [6.,17.1,7][0.,10.0,16.1][1.,8.0,13.8][1.,14.8,20.7][2.,7.5,15.2][2.,15.3,16.7][3.,9.0,16.0][4.,8.0,15.9][4.,16.2,20.7][5.,7.0,10.1][5.,11.5,17.0][6.,8.5,14.8]
18  1947.9769999999999  消费数 4237.09  四个目标值 -1947.9769999999999 11 7.836276794867133 57.22545735342965 2 规划路径 26 27 21 67 62 36 53 40 14 45 79 规划时间 [6.,18.5,7][0.,10.0,16.0][1.,8.0,14.0][1.,15.3,16.7][2.,8.5,13.1][2.,13.7,21.5][3.,9.70,16.0][4.,8.0,10.2][4.,10.5,17.2][4.,18.7,20.2][5.,7.79,14.8][6.,8.5,16.1]
19  1443.055  消费数 3289.09  四个目标值 -1443.055 11 7.297819767831795 62.88552693904877 2 规划路径 26 27 30 37 35 36 53 40 61 45 79 规划时间 [7.,18.5,7][0.,10.0,17.3][1.,8.0,14.5][1.,16.2,18.5][2.,7.5,14.7][2.,14.7,16.0][3.,9.0,17.0][4.,8.0,10.9][4.,11.2,17.7][5.,8.5,16.4][6.,8.5,13.6][7.,8.5,16.1]
20  2123.878  消费数 4068.88  四个目标值 -2123.878 11 7.247057185560104 52.450364758296374 5 规划路径 26 65 24 67 63 3 53 40 55 45 79 规划时间 [6.,17.1,7][0.,10.0,17.2][0.,19.4,21.2][1.,8.39,14.1][1.,15.8,17.0][2.,9.0,11.5][2.,12.6,19.5][3.,7.20,9.09][3.,9.40,17.0][4.,8.5,16.0][5.,8.5,12.1][6.,8.5,14.8]
21  1907.1770000000001  消费数 4076.29  四个目标值 -1907.1770000000001 11 7.179928275103081 56.07657532414213 5 规划路径 26 27 24 67 62 3 53 43 14 45 79 规划时间 [6.,15.5,7][0.,10.0,17.4][1.,8.0,15.7][1.,16.7,19.6][2.,8.5,13.7][2.,14.5,20.5][3.,8.5,9.90][3.,12.5,14.7][3.,15.2,20.5][4.,8.5,16.2][5.,8.5,13.8][6.,8.5,13.1]
22  1552.8339999999998  消费数 3367.87  四个目标值 -1552.8339999999998 11 7.197372369389406 64.10852325852812 2 规划路径 26 27 1 37 35 36 53 42 61 45 79 规划时间 [7.,18.8,7][0.,10.0,17.3][1.,8.0,12.3][1.,13.5,15.1][2.,7.5,11.2][2.,11.2,17.2][3.,9.0,16.7][4.,8.0,12.9][4.,13.4,19.2][5.,8.5,15.9][6.,8.5,16.0][7.,8.5,16.4]
23  1547.0079999999998  消费数 3303.87  四个目标值 -1547.0079999999998 11 6.992154958426541 65.22124570621622 3 规划路径 26 27 24 21 35 36 53 40 61 45 79 规划时间 [7.,15.1,7][0.,10.0,17.9][1.,8.0,12.7][1.,13.7,20.6][2.,7.70,10.3][2.,12.2,17.2][3.,9.0,16.2][4.,8.0,15.4][4.,15.7,20.7][5.,8.5,16.0][6.,8.5,15.0][7.,8.5,12.8]
24  1112.312  消费数 2598.34  四个目标值 -1112.312 10 6.495268664273953 54.04393391683983 4 规划路径 26 27 24 37 35 36 53 40 52 45 规划时间 [5.,16.9,7][0.,10.0,16.1][1.,8.0,11.6][1.,12.6,20.1][2.,7.5,11.0][2.,11.1,15.6][2.,15.6,16.7][3.,8.0,15.7][3.,16.0,21.9][4.,9.09,16.7][5.,8.5,15.0]
25  1533.117  消费数 3359.02  四个目标值 -1533.117 11 6.892108374669377 65.91634692669462 4 规划路径 26 35 24 29 27 55 53 54 61 45 46 规划时间 [8.,7.59,7][0.,10.0,17.0][1.,7.5,13.1][1.,14.2,19.4][2.,8.5,15.0][2.,15.7,16.7][3.,8.5,14.5][4.,8.0,16.0][5.,10.0,16.9][6.,8.5,15.8][7.,8.5,12.9][7.,13.0,20.9]
26  844.792  消费数 2312.69  四个目标值 -844.792 10 6.444984046450028 49.629040996228454 3 规划路径 26 27 30 37 35 36 53 40 42 60 规划时间 [5.,7.20,7][0.,10.0,16.4][1.,8.0,15.1][1.,16.7,19.7][2.,7.5,10.6][2.,10.7,16.4][3.,9.0,10.9][3.,11.7,13.9][3.,14.2,21.7][4.,7.59,14.5][4.,15.7,21.5]
27  1210.5319999999997  消费数 3121.56  四个目标值 -1210.5319999999997 11 7.353310625829028 51.52907481903597 3 规划路径 26 27 21 37 35 36 53 40 14 45 60 规划时间 [5.,19.1,7][0.,10.0,17.0][1.,8.0,11.7][1.,13.2,16.4][2.,7.5,15.2][2.,15.2,17.4][3.,9.0,16.7][4.,8.0,11.7][4.,12.0,17.0][4.,18.5,21.0][5.,8.5,15.0][5.,16.3,18.5]
28  1272.1390000000001  消费数 2801.02  四个目标值 -1272.1390000000001 10 6.660629180902863 46.85877272654751 4 规划路径 26 27 24 3 35 36 53 40 55 45 规划时间 [5.,18.1,7][0.,10.0,17.2][1.,8.0,11.5][1.,12.5,19.9][2.,8.5,15.1][3.,7.5,12.7][3.,12.7,15.7][4.,8.0,9.59][4.,9.90,16.5][5.,8.5,12.4][5.,14.8,16.4]
29  1019.1229999999999  消费数 2640.15  四个目标值 -1019.1229999999999 10 6.739413445701871 60.843861722394166 3 规划路径 26 27 24 37 35 36 53 40 55 45 规划时间 [6.,17.0,7][0.,10.0,16.8][1.,8.0,15.0][1.,16.0,21.7][2.,7.89,15.2][2.,15.3,16.9][3.,9.0,16.9][4.,8.0,14.0][4.,14.4,19.0][5.,8.5,15.4][6.,8.5,15.1]
30  1061.7669999999998  消费数 2573.03  四个目标值 -1061.7669999999998 10 6.452045075048453 57.96291983633529 4 规划路径 26 27 24 37 35 43 53 40 55 45 规划时间 [5.,16.0,7][0.,10.0,17.2][1.,8.0,14.0][1.,15.0,21.0][2.,7.10,13.7][2.,13.7,17.4][2.,18.2,20.5][3.,8.0,15.0][3.,15.2,20.9][4.,8.5,16.2][5.,8.5,14.3]
31  1736.819  消费数 3809.7  四个目标值 -1736.819 11 7.958346876424154 54.48806061761232 2 规划路径 26 27 1 67 35 36 53 40 14 45 79 规划时间 [6.,18.3,7][0.,10.0,17.6][1.,8.0,14.8][1.,16.0,17.0][2.,8.5,14.2][3.,7.5,14.9][3.,14.9,16.9][4.,8.0,11.5][4.,11.7,16.0][4.,17.5,20.7][5.,8.30,13.8][6.,8.5,15.9]
32  1425.6109999999999  消费数 3101.88  四个目标值 -1425.6109999999999 11 6.736734931473128 60.23668497475396 4 规划路径 26 27 24 37 35 43 53 40 61 45 79 规划时间 [6.,18.4,7][0.,10.0,16.6][1.,8.0,13.3][1.,14.3,17.7][2.,7.5,13.1][2.,13.2,15.0][2.,15.7,19.2][3.,8.0,12.7][3.,13.0,20.2][4.,8.5,15.7][5.,8.5,15.6][6.,8.5,16.0]
33  1179.547  消费数 2679.84  四个目标值 -1179.547 11 6.871094096088214 50.65022520754405 3 规划路径 26 27 24 37 35 36 53 40 61 57 79 规划时间 [5.,19.5,7][0.,10.0,17.8][1.,8.0,15.0][1.,16.0,18.0][2.,7.5,10.7][2.,10.7,15.7][2.,15.7,16.7][3.,8.0,14.2][3.,14.5,19.7][4.,8.5,16.4][5.,8.5,12.9][5.,16.1,17.1]
34  1601.829  消费数 3241.86  四个目标值 -1601.829 11 7.695967407908094 49.40419425856601 2 规划路径 26 27 1 37 35 36 53 40 55 45 79 规划时间 [5.,18.9,7][0.,10.0,15.0][0.,15.0,16.4][1.,8.5,12.5][1.,15.0,16.7][2.,7.5,10.7][2.,10.7,16.0][3.,8.0,14.5][3.,14.9,21.9][4.,7.79,13.2][4.,15.7,17.4][5.,8.5,16.5]
35  1666.0359999999998  消费数 3801.07  四个目标值 -1666.0359999999998 11 7.754688376134179 58.51230679866299 2 规划路径 26 27 1 37 35 36 53 40 14 45 79 规划时间 [7.,13.5,7][0.,10.0,16.4][1.,8.0,12.0][1.,13.1,15.2][2.,7.5,11.6][2.,11.7,17.0][3.,9.0,17.0][4.,8.0,13.0][4.,13.4,19.5][5.,8.5,15.8][6.,8.5,15.8][7.,8.5,11.1]
36  1403.43  消费数 3004.46  四个目标值 -1403.43 11 6.673524576714257 58.2534839989637 4 规划路径 26 27 24 37 35 36 53 43 61 45 79 规划时间 [6.,16.6,7][0.,10.0,16.3][1.,8.0,11.5][1.,12.5,19.0][2.,7.5,13.8][2.,14.0,16.5][3.,9.0,16.7][4.,8.0,15.2][4.,15.7,20.7][5.,8.5,12.3][5.,13.5,17.0][6.,8.5,14.3]
37  2084.388  消费数 4274.39  四个目标值 -2084.388 11 7.689655392115349 51.50558006148691 4 规划路径 26 35 24 67 62 3 53 40 14 45 79 规划时间 [5.,18.0,7][0.,10.0,18.0][1.,7.5,11.7][1.,12.7,19.5][2.,8.5,11.3][2.,12.1,15.6][2.,16.7,18.5][3.,8.0,15.5][3.,15.7,18.2][3.,19.7,21.5][4.,9.0,14.5][5.,8.5,15.5]
38  1364.8839999999998  消费数 2941.15  四个目标值 -1364.8839999999998 11 6.8901563509831245 49.89248219319441 4 规划路径 26 27 35 37 16 36 53 43 55 45 60 规划时间 [5.,20.0,7][0.,10.0,17.1][1.,8.0,15.6][2.,7.5,11.1][2.,11.2,16.4][3.,9.0,11.7][3.,13.2,16.0][4.,8.0,13.7][4.,14.2,21.5][5.,7.79,12.9][5.,15.3,16.4][5.,17.6,19.4]
39  1638.307  消费数 3332.18  四个目标值 -1638.307 11 7.232206581240204 59.38185899260608 4 规划路径 26 27 24 3 35 36 53 40 57 45 79 规划时间 [6.,18.1,7][0.,10.0,16.7][1.,8.0,14.6][1.,15.6,21.1][2.,7.60,14.8][3.,7.5,15.5][3.,15.5,16.7][4.,8.0,14.7][4.,15.0,18.9][5.,8.5,12.4][5.,13.6,15.8][6.,8.5,15.8]
40  1143.4180000000001  消费数 2989.45  四个目标值 -1143.4180000000001 10 7.071850879633206 51.568411389392 2 规划路径 26 27 30 37 35 36 53 40 14 45 规划时间 [5.,17.8,7][0.,10.0,17.0][1.,8.0,15.0][1.,16.7,19.2][2.,7.5,11.0][2.,11.1,16.9][3.,9.0,11.2][3.,12.0,14.4][3.,14.7,20.7][4.,7.20,14.9][5.,8.5,16.0]
41  1501.263  消费数 3202.53  四个目标值 -1501.263 11 7.0522779841950545 63.11750506059309 4 规划路径 26 27 24 37 35 43 53 40 55 45 79 规划时间 [6.,16.1,7][0.,10.0,17.6][1.,8.0,11.7][1.,12.7,20.5][2.,7.5,12.2][2.,12.2,17.2][2.,18.0,20.4][3.,8.0,13.5][3.,13.7,21.0][4.,7.0,14.7][5.,8.5,14.6][6.,8.5,13.8]
42  1876.905  消费数 3706.02  四个目标值 -1876.905 11 6.973006989261739 54.84266553276585 5 规划路径 26 27 24 37 46 43 53 40 14 45 79 规划时间 [5.,18.6,7][0.,10.0,12.3][0.,12.3,14.5][0.,15.5,21.5][1.,7.60,9.39][1.,11.8,19.7][2.,7.0,11.3][2.,11.8,16.7][2.,17.0,20.0][3.,8.5,15.2][4.,8.5,16.4][5.,8.5,16.3]
43  1927.239  消费数 4061.35  四个目标值 -1927.239 11 7.60929126531438 56.33376939074143 3 规划路径 26 27 24 67 62 36 53 40 14 45 79 规划时间 [5.,17.4,7][0.,10.0,17.9][1.,8.0,15.3][1.,16.4,21.2][2.,8.10,13.2][2.,13.8,21.2][3.,9.40,12.9][3.,13.7,16.7][3.,17.0,20.7][4.,7.20,8.40][4.,10.9,16.5][5.,8.5,15.0]
44  1348.9569999999999  消费数 3011.86  四个目标值 -1348.9569999999999 11 7.211397239842378 56.839934687969745 3 规划路径 26 27 24 37 35 36 53 40 42 45 79 规划时间 [6.,17.5,7][0.,10.0,17.9][1.,8.0,13.2][1.,14.2,21.9][2.,8.0,14.6][2.,14.7,16.0][3.,9.0,16.0][4.,8.0,9.29][4.,9.59,12.2][4.,13.0,16.2][5.,8.5,15.6][6.,8.5,15.1]
45  1485.903  消费数 3206.93  四个目标值 -1485.903 11 7.537976375591963 58.72044214503153 2 规划路径 26 27 21 37 35 36 53 40 57 45 79 规划时间 [6.,17.6,7][0.,10.0,17.8][1.,8.0,13.6][1.,15.0,16.5][2.,7.5,14.7][2.,14.7,16.0][3.,9.0,16.5][4.,8.0,14.9][4.,15.2,22.0][5.,8.19,11.5][5.,12.9,16.9][6.,8.5,15.3]
46  1812.4429999999998  消费数 4055.56  四个目标值 -1812.4429999999998 11 7.886828053574992 55.565634270074604 3 规划路径 26 27 1 67 62 3 53 40 14 45 79 规划时间 [6.,17.5,7][0.,10.0,17.8][1.,8.0,13.5][1.,14.6,15.8][2.,8.5,10.5][2.,11.2,19.2][2.,20.4,21.7][3.,9.29,13.7][3.,14.0,20.9][4.,7.40,14.7][5.,8.5,12.9][6.,8.5,15.1]
47  1046.4070000000002  消费数 2687.44  四个目标值 -1046.4070000000002 10 6.937743466445362 54.59537362255678 2 规划路径 26 27 21 37 35 36 53 40 57 45 规划时间 [6.,15.0,7][0.,10.0,16.7][1.,8.0,9.20][1.,10.6,16.9][2.,7.5,10.8][2.,11.0,16.7][3.,9.0,16.4][4.,8.0,14.2][4.,14.5,19.9][5.,8.5,16.0][6.,8.5,13.1]
48  1000.799  消费数 2931.83  四个目标值 -1000.799 10 6.777418590456501 47.93322431548315 3 规划路径 26 27 24 37 35 36 53 40 14 54 规划时间 [5.,17.0,7][0.,10.0,16.1][1.,8.0,11.0][1.,12.0,17.9][2.,7.5,12.6][2.,12.7,17.0][3.,9.0,15.0][3.,15.9,17.0][3.,17.2,20.7][4.,7.20,13.7][5.,10.0,16.1]
49  909.461  消费数 2382.36  四个目标值 -909.461 10 6.611164330695776 54.32797977658579 3 规划路径 26 27 24 37 35 36 53 40 42 45 规划时间 [5.,18.0,7][0.,10.0,16.5][1.,8.0,14.5][1.,15.5,21.5][2.,7.60,10.1][2.,10.2,16.2][3.,9.0,11.2][3.,12.0,15.2][3.,15.5,21.2][4.,7.20,15.0][5.,8.5,16.1]
50  1304.8980000000001  消费数 2805.93  四个目标值 -1304.8980000000001 11 6.603973750275851 53.61614093409388 4 规划路径 26 27 24 37 35 36 53 40 61 43 79 规划时间 [5.,19.5,7][0.,10.0,18.0][1.,8.0,11.1][1.,12.1,20.0][2.,7.5,15.5][2.,15.6,16.7][3.,9.0,10.5][3.,11.2,14.7][3.,15.0,16.7][4.,8.5,14.5][4.,15.7,20.7][5.,9.30,17.0]
51  1492.167  消费数 3204.07  四个目标值 -1492.167 11 7.567718292902 57.282647377076245 2 规划路径 26 27 1 37 35 36 53 40 42 45 79 规划时间 [6.,18.5,7][0.,10.0,16.6][1.,8.0,12.6][1.,13.7,16.9][2.,7.5,9.79][2.,9.89,17.2][3.,9.0,15.5][4.,8.0,12.0][4.,12.2,19.9][4.,20.7,21.9][5.,8.5,14.6][6.,8.5,16.1]
52  1522.826  消费数 3388.86  四个目标值 -1522.826 11 7.398367323074557 47.20653466085464 3 规划路径 26 27 24 37 35 36 53 40 14 45 79 规划时间 [5.,18.3,7][0.,10.0,16.8][1.,8.0,14.6][1.,15.6,18.7][2.,7.5,14.7][2.,14.7,17.0][3.,9.0,15.7][4.,8.0,13.7][4.,14.0,18.5][4.,20.0,21.4][5.,8.90,10.4][5.,14.6,15.9]
53  1796.417  消费数 3579.53  四个目标值 -1796.417 11 7.477528359936619 48.45052592466636 4 规划路径 26 27 1 67 62 3 53 43 55 45 79 规划时间 [5.,17.6,7][0.,10.0,17.0][1.,8.0,12.6][1.,13.7,15.7][1.,16.5,17.5][1.,18.2,20.7][2.,7.0,11.1][2.,13.7,16.4][2.,16.9,18.5][3.,8.5,16.4][4.,8.5,16.5][5.,8.5,15.3]
54  1738.369  消费数 3686.89  四个目标值 -1738.369 12 8.087710696255739 54.49717584744589 2 规划路径 26 27 35 37 16 36 53 40 61 45 79 75 规划时间 [7.,15.6,7][0.,10.0,13.5][0.,13.5,16.9][1.,7.5,12.3][1.,12.5,16.2][2.,9.0,16.7][3.,9.0,15.5][4.,8.0,9.20][4.,9.5,15.2][5.,8.5,10.4][5.,11.6,13.8][6.,8.5,16.1][7.,7.0,13.0]
55  1748.2359999999999  消费数 3716.35  四个目标值 -1748.2359999999999 11 7.828107085348908 53.21816866803757 3 规划路径 26 27 1 67 62 3 53 40 55 45 79 规划时间 [6.,17.8,7][0.,10.0,17.4][1.,8.0,14.8][2.,8.5,11.5][2.,12.2,13.2][2.,13.8,15.5][2.,16.7,21.0][3.,8.59,12.5][3.,12.9,18.7][4.,8.5,14.2][5.,8.5,14.9][6.,8.5,15.4]
56  1518.707  消费数 3279.74  四个目标值 -1518.707 11 7.613362820553723 53.65732156703284 2 规划路径 26 27 30 37 35 36 53 40 55 45 79 规划时间 [6.,17.6,7][0.,10.0,14.5][0.,14.5,15.6][0.,17.3,20.3][1.,7.5,13.7][1.,13.8,16.2][2.,9.0,15.8][3.,8.0,14.7][3.,15.0,16.7][4.,8.5,16.4][5.,8.5,14.8][6.,8.5,15.3]
57  1811.511  消费数 3979.62  四个目标值 -1811.511 11 7.536249328162703 52.92233172159817 4 规划路径 26 27 1 67 62 3 53 43 14 45 79 规划时间 [6.,14.5,7][0.,10.0,15.6][0.,15.6,17.0][1.,8.5,15.8][2.,8.5,12.7][2.,13.3,21.0][3.,7.29,13.2][3.,15.7,17.0][3.,17.5,21.5][4.,7.90,14.7][5.,8.5,13.4][6.,8.5,12.0]
58  1582.9140000000002  消费数 3618.95  四个目标值 -1582.9140000000002 11 7.6720837887798075 55.66024589642504 2 规划路径 26 27 30 37 35 36 53 40 14 45 79 规划时间 [6.,17.6,7][0.,10.0,16.8][1.,8.0,13.2][1.,15.0,19.5][2.,7.5,11.7][2.,11.7,17.5][3.,9.0,12.0][3.,12.7,14.9][3.,15.2,19.5][4.,8.5,15.2][5.,8.5,14.5][6.,8.5,15.3]
59  1770.574  消费数 3604.69  四个目标值 -1770.574 11 7.443130523480026 55.49739126831297 4 规划路径 26 27 24 67 62 3 53 40 57 45 79 规划时间 [5.,14.0,7][0.,10.0,17.9][1.,8.0,13.2][1.,14.2,20.2][2.,7.10,8.20][2.,8.89,15.8][2.,17.0,21.4][3.,9.0,16.2][3.,16.5,20.9][4.,7.09,14.5][4.,15.7,17.5][5.,8.5,11.6]
60  1596.96  消费数 3369.84  四个目标值 -1596.96 11 7.584082855476142 56.79139145814152 2 规划路径 26 27 1 67 35 36 53 40 61 45 79 规划时间 [6.,17.1,7][0.,10.0,17.6][1.,8.0,13.5][1.,14.6,16.0][2.,8.5,14.7][3.,7.5,14.2][3.,14.2,16.2][4.,8.0,15.9][4.,16.2,21.0][5.,7.20,12.1][5.,13.5,16.8][6.,8.5,14.8]
61  1083.33  消费数 2869.36  四个目标值 -1083.33 10 6.798134413927955 53.40547814828745 3 规划路径 26 27 24 37 35 36 53 40 14 45 规划时间 [5.,18.1,7][0.,10.0,17.7][1.,8.0,13.2][1.,14.2,19.2][2.,7.5,14.1][2.,14.2,16.2][3.,9.0,16.7][4.,8.0,14.2][4.,14.5,17.0][4.,18.5,21.0][5.,8.59,16.4]
62  945.7950000000001  消费数 2431.83  四个目标值 -945.7950000000001 10 6.710757936892611 53.43667022986773 3 规划路径 26 27 24 37 35 36 53 40 57 45 规划时间 [5.,18.6,7][0.,10.0,16.7][1.,8.0,12.6][1.,13.6,18.1][2.,7.5,10.5][2.,10.6,17.0][3.,9.0,16.0][4.,8.0,14.9][4.,15.2,21.5][5.,7.70,13.8][5.,15.0,16.9]
63  1449.569  消费数 3157.47  四个目标值 -1449.569 11 7.438382769395129 55.114105571420524 2 规划路径 26 27 21 37 35 36 53 40 42 45 79 规划时间 [6.,17.0,7][0.,10.0,11.2][0.,11.2,15.7][1.,8.5,16.2][2.,7.5,14.7][2.,14.8,17.0][3.,9.0,16.5][4.,8.0,15.4][4.,15.7,19.9][4.,20.7,21.9][5.,8.5,14.3][6.,8.5,14.6]
64  1159.788  消费数 2742.66  四个目标值 -1159.788 10 7.270737490242208 47.779981138824695 2 规划路径 26 27 1 67 35 36 53 40 57 45 规划时间 [5.,17.6,7][0.,10.0,17.5][1.,8.0,14.3][1.,15.5,16.9][2.,8.5,15.0][3.,7.5,10.2][3.,10.2,13.7][3.,14.5,16.0][3.,16.2,19.5][4.,8.5,16.2][5.,8.5,15.9]
65  1157.464  消费数 2850.34  四个目标值 -1157.464 10 6.98384994632954 51.827369054764546 2 规划路径 26 27 1 67 35 36 53 40 61 45 规划时间 [6.,14.0,7][0.,10.0,17.4][1.,8.0,15.1][2.,8.5,9.70][2.,10.3,15.0][3.,7.5,14.0][3.,14.0,15.5][4.,8.0,15.4][4.,15.7,20.5][5.,8.5,16.0][6.,8.5,12.1]
66  1652.361  消费数 3333.73  四个目标值 -1652.361 12 7.724376474839259 47.87131277516282 3 规划路径 26 27 24 37 15 36 53 40 61 45 79 75 规划时间 [5.,18.5,7][0.,10.0,17.8][1.,8.0,12.8][1.,13.8,18.6][2.,7.5,13.0][2.,14.1,17.2][3.,9.0,14.5][3.,15.2,16.5][3.,16.9,18.0][4.,8.5,14.7][4.,16.0,17.5][5.,8.5,12.8][5.,13.9,15.9]
67  1672.5839999999998  消费数 3615.7  四个目标值 -1672.5839999999998 11 7.51256403262698 54.3857770795405 3 规划路径 26 27 1 67 62 3 53 40 61 45 79 规划时间 [6.,18.8,7][0.,10.0,16.5][1.,8.0,15.3][2.,8.5,11.7][2.,12.3,17.5][2.,18.2,20.0][3.,8.5,16.0][4.,8.0,15.4][4.,15.7,20.2][5.,8.5,15.6][6.,8.5,10.4][6.,14.6,16.4]
68  1565.47  消费数 3431.74  四个目标值 -1565.47 11 7.110998952421139 53.976906777434955 4 规划路径 26 27 24 37 35 43 53 40 14 45 79 规划时间 [5.,17.0,7][0.,10.0,16.5][1.,8.0,15.2][1.,16.2,19.4][2.,7.5,14.8][2.,15.0,17.4][2.,18.2,20.0][3.,8.0,11.2][3.,11.5,15.7][3.,17.2,21.4][4.,8.90,16.5][5.,8.5,14.6]
69  1178.025  消费数 2678.53  四个目标值 -1178.025 11 6.584206552175547 54.703225087027015 4 规划路径 26 27 24 37 35 36 53 40 61 60 79 规划时间 [5.,15.8,7][0.,10.0,16.0][0.,16.0,17.0][0.,18.0,21.4][1.,7.5,14.0][1.,14.1,17.2][2.,9.0,16.2][3.,8.0,11.2][3.,11.5,19.0][4.,8.5,15.0][4.,15.0,21.9][5.,10.1,13.4]
70  1166.3220000000001  消费数 2686.13  四个目标值 -1166.3220000000001 10 7.016950233962483 48.66446751217682 3 规划路径 26 27 1 3 35 36 53 40 55 45 规划时间 [5.,17.8,7][0.,10.0,16.9][1.,8.0,15.7][2.,8.5,10.2][2.,10.7,18.2][3.,7.5,8.5][3.,8.5,13.2][3.,14.0,16.0][3.,16.2,19.5][4.,8.5,14.7][5.,8.5,16.0]
71  1711.635  消费数 3430.51  四个目标值 -1711.635 11 7.260862090049464 56.907386323145275 4 规划路径 26 27 24 3 35 36 53 40 55 45 79 规划时间 [6.,19.3,7][0.,10.0,17.4][1.,8.0,12.1][1.,13.1,16.2][1.,17.7,21.6][2.,9.0,16.7][3.,9.0,16.5][4.,8.0,15.9][4.,16.2,20.4][5.,8.5,15.4][6.,8.5,11.1][6.,15.5,16.9]
72  1708.6799999999998  消费数 3843.95  四个目标值 -1708.6799999999998 11 7.467320005480761 65.86028094128383 3 规划路径 26 27 1 37 35 43 53 40 14 45 79 规划时间 [7.,16.9,7][0.,10.0,17.2][1.,8.0,16.0][2.,8.5,15.7][3.,7.5,13.7][3.,13.9,17.4][3.,18.2,20.5][4.,8.0,11.5][4.,11.7,19.2][5.,8.5,15.0][6.,8.5,16.4][7.,8.5,14.5]
73  1824.7839999999999  消费数 3636.15  四个目标值 -1824.7839999999999 12 7.385510344970468 54.34690489366167 3 规划路径 26 27 24 37 28 36 53 42 61 45 79 75 规划时间 [6.,20.0,7][0.,10.0,16.6][1.,8.0,11.8][1.,12.8,16.4][2.,7.5,10.0][2.,11.8,15.1][3.,9.0,16.5][4.,8.0,14.2][4.,14.7,21.4][5.,7.59,12.6][5.,14.0,15.3][6.,8.5,14.0][6.,15.0,17.4]
74  1746.595  消费数 3487.96  四个目标值 -1746.595 12 7.665698743627976 49.59085552056912 3 规划路径 26 27 24 37 16 36 53 40 61 45 79 75 规划时间 [5.,19.8,7][0.,10.0,14.9][0.,14.9,16.7][0.,17.7,19.7][1.,7.5,12.5][1.,14.1,15.2][2.,9.0,16.5][3.,8.0,15.2][3.,15.5,20.5][4.,8.5,14.9][4.,16.2,17.4][5.,8.5,14.4][5.,15.5,17.0]
75  1686.867  消费数 3633.73  四个目标值 -1686.867 11 7.366418979374553 55.21001661397821 3 规划路径 26 27 24 21 35 36 53 40 14 45 79 规划时间 [6.,16.0,7][0.,10.0,17.4][1.,8.0,11.8][1.,12.8,20.2][2.,7.29,13.7][2.,15.6,17.4][3.,9.0,14.4][3.,15.2,16.7][3.,17.0,20.4][4.,8.5,14.5][5.,8.5,15.4][6.,8.5,13.5]
76  935.035  消费数 2624.66  四个目标值 -935.035 10 6.787650304636619 47.926438990179456 3 规划路径 26 27 1 37 35 43 53 40 55 54 规划时间 [5.,16.0,7][0.,10.0,17.9][1.,8.0,13.0][1.,14.1,16.2][2.,7.5,9.0][2.,9.10,12.5][2.,13.2,19.2][3.,8.0,10.5][3.,10.9,18.2][4.,8.5,15.5][5.,10.0,15.1]
77  1052.6709999999998  消费数 2574.57  四个目标值 -1052.6709999999998 10 6.967485383755398 53.33699475452052 2 规划路径 26 27 1 37 35 36 53 40 42 45 规划时间 [5.,19.3,7][0.,10.0,17.6][1.,8.0,15.0][2.,8.5,16.2][3.,7.5,12.2][3.,12.2,14.7][3.,14.7,16.7][4.,8.0,14.7][4.,15.0,21.5][5.,7.5,14.9][5.,16.5,17.5]
78  881.5139999999999  消费数 2350.8  四个目标值 -881.5139999999999 10 6.6271822400012335 45.54062900677638 2 规划路径 26 27 1 37 35 36 53 40 61 57 规划时间 [5.,13.1,7][0.,10.0,17.1][1.,8.0,16.0][2.,8.5,10.7][2.,13.2,14.8][2.,15.0,16.9][3.,9.0,15.7][4.,8.0,13.2][4.,13.5,21.2][5.,7.5,10.9][5.,10.9,12.5]
79  963.9340000000001  消费数 2374.97  四个目标值 -963.9340000000001 10 6.073291667567656 48.174649828816534 4 规划路径 26 27 24 37 35 36 53 43 61 45 规划时间 [5.,16.3,7][0.,10.0,16.1][1.,8.0,15.5][1.,16.5,21.5][2.,7.60,13.7][2.,13.8,16.0][3.,9.0,15.2][4.,8.0,11.0][4.,11.5,18.7][5.,8.5,11.5][5.,12.8,14.5]
