0  2263.8709999999996  消费数 4621.97  四个目标值 -2263.8709999999996 15 8.711693873278707 59.53498360637117 2 规划路径 36 26 67 64 62 66 24 30 32 22 63 68 6 75 39 规划时间 [6.,17.4,7][0.,8.8,16.0][0.,17.9,21.7][1.,8.5,10.2][1.,11.5,14.8][1.,16.2,20.7][2.,8.5,13.5][2.,16.0,18.4][2.,19.0,20.5][3.,7.5,9.40][3.,9.90,15.0][4.,9.0,15.0][4.,15.7,20.9][5.,8.5,16.3][6.,7.0,8.19][6.,12.5,15.3]
1  2342.5829999999996  消费数 4925.97  四个目标值 -2342.5829999999996 14 9.910092294063052 50.49267624456745 2 规划路径 46 45 53 40 35 36 31 30 62 22 63 68 50 75 规划时间 [6.,11.1,7][0.,8.7,14.0][0.,14.1,16.1][1.,8.0,13.6][1.,13.8,20.5][2.,7.5,12.7][2.,12.7,14.0][2.,14.7,16.2][2.,16.9,20.5][3.,8.09,12.2][3.,14.5,15.7][4.,9.0,11.4][4.,12.0,18.0][5.,9.0,12.8][6.,7.0,8.5]
2  1972.2700000000002  消费数 4329.23  四个目标值 -1972.2700000000002 14 8.833400328293287 68.53027324863214 7 规划路径 46 43 53 40 35 26 24 73 62 65 63 68 6 75 规划时间 [6.,17.4,7][0.,8.7,15.6][0.,17.5,20.5][1.,8.0,14.8][1.,15.2,20.4][2.,7.5,13.6][2.,15.5,22.0][3.,7.90,15.0][3.,19.2,21.9][4.,9.09,10.2][4.,10.4,14.0][4.,14.2,15.2][4.,16.0,18.7][5.,8.5,16.3][6.,7.0,14.6]
3  1412.1190000000001  消费数 3564.87  四个目标值 -1412.1190000000001 13 8.272007869819777 75.65754509813348 4 规划路径 46 47 53 40 35 27 26 30 32 65 63 68 6 规划时间 [7.,11.6,7][0.,8.7,15.6][0.,15.7,19.8][1.,7.10,15.0][1.,15.2,21.6][2.,7.5,14.6][3.,8.0,14.5][3.,14.5,19.5][4.,9.0,16.7][5.,7.5,15.0][5.,17.4,20.5][6.,9.0,15.9][6.,16.5,21.9][7.,7.5,8.69]
4  925.8419999999999  消费数 2879.47  四个目标值 -925.8419999999999 13 8.259247251396534 61.53866304314505 4 规划路径 42 43 53 40 35 36 33 67 62 65 63 68 56 规划时间 [5.,12.4,7][0.,8.0,15.1][0.,15.3,20.2][1.,8.0,14.2][1.,14.5,20.2][2.,7.5,14.3][2.,14.3,16.9][2.,17.5,21.4][3.,8.70,13.4][3.,14.0,17.0][3.,17.2,19.2][4.,9.0,14.2][4.,15.0,20.7][5.,8.19,11.5]
5  1107.1889999999999  消费数 3196.57  四个目标值 -1107.1889999999999 14 8.565185556460701 54.597653748190254 4 规划路径 42 41 53 40 35 36 33 30 62 65 63 68 6 38 规划时间 [5.,19.1,7][0.,8.0,12.8][0.,13.4,19.2][1.,8.0,13.7][1.,14.1,16.0][2.,7.5,13.8][2.,13.8,16.7][2.,17.4,20.9][3.,9.0,11.9][3.,14.4,16.0][3.,16.2,20.2][4.,9.0,15.5][4.,16.2,18.2][5.,8.5,13.4][5.,15.9,17.4]
6  1764.204  消费数 4281.16  四个目标值 -1764.204 14 8.831504107549007 74.89030396110243 5 规划路径 46 43 53 40 29 36 33 67 62 65 63 68 6 75 规划时间 [8.,14.5,7][0.,8.7,13.5][0.,15.4,17.7][1.,8.0,13.2][1.,13.5,16.2][2.,8.5,15.1][3.,9.0,15.7][3.,16.2,21.5][4.,8.90,13.9][4.,14.5,21.5][5.,9.5,16.4][6.,9.0,12.3][6.,13.0,19.4][7.,8.5,16.1][8.,7.0,11.9]
7  1190.8799999999999  消费数 3192.6  四个目标值 -1190.8799999999999 13 8.66918808864614 52.04157431894905 5 规划路径 46 43 53 40 35 36 33 67 62 65 63 68 2 规划时间 [5.,15.1,7][0.,8.7,15.0][0.,16.9,19.6][1.,8.0,11.3][1.,11.7,13.5][1.,14.3,16.5][2.,9.0,16.4][2.,17.0,19.5][3.,8.5,12.9][3.,13.5,15.0][3.,15.0,19.2][4.,9.0,13.2][4.,13.9,20.2][5.,7.0,12.1]
8  1258.749  消费数 3383.59  四个目标值 -1258.749 13 8.61364067860935 71.99542874733973 3 规划路径 46 47 53 40 35 36 31 30 62 65 63 68 25 规划时间 [6.,18.1,7][0.,8.7,14.4][0.,14.5,20.9][1.,8.20,15.6][1.,15.8,19.5][2.,7.5,13.8][2.,13.8,15.7][3.,8.0,11.5][3.,12.2,19.2][4.,9.5,14.5][4.,14.7,20.7][5.,9.0,13.0][5.,13.8,21.6][6.,8.69,15.8]
9  1022.3869999999998  消费数 2976.01  四个目标值 -1022.3869999999998 13 8.398749468410532 51.2411374082279 4 规划路径 42 43 53 40 35 36 31 67 62 65 63 68 24 规划时间 [5.,8.59,7][0.,8.0,12.4][0.,12.6,17.4][1.,8.0,13.5][1.,13.7,21.2][2.,7.10,11.7][2.,11.7,16.7][3.,8.0,9.5][3.,11.7,14.4][3.,15.0,17.0][3.,17.0,20.9][4.,9.0,10.2][4.,11.0,18.4][4.,20.2,21.2]
10  1467.6999999999998  消费数 3483.25  四个目标值 -1467.6999999999998 13 8.832628372607052 53.40980233622657 6 规划路径 46 45 53 40 35 26 33 67 62 65 63 68 24 规划时间 [5.,9.09,7][0.,8.7,15.5][0.,15.6,16.8][1.,8.0,13.7][1.,14.0,18.5][2.,7.5,11.7][2.,13.7,17.2][2.,18.5,21.7][3.,9.0,15.2][3.,16.0,21.9][4.,7.0,14.2][4.,14.4,15.5][4.,16.2,18.2][4.,20.0,21.7]
11  1464.387  消费数 3531.54  四个目标值 -1464.387 13 8.223622912918877 54.340094650283255 7 规划路径 46 43 53 40 35 26 33 30 62 65 63 68 24 规划时间 [5.,12.6,7][0.,8.7,11.1][0.,13.0,20.7][1.,8.0,9.10][1.,9.39,16.7][2.,7.5,12.0][2.,13.8,20.7][3.,7.20,11.7][3.,12.4,17.7][3.,20.2,21.7][4.,9.5,14.2][4.,14.4,16.5][4.,17.2,20.9][5.,7.79,10.4]
12  1061.866  消费数 3187.59  四个目标值 -1061.866 13 8.989980914818098 50.91593129249391 3 规划路径 55 41 53 40 35 36 33 67 62 65 63 68 1 规划时间 [5.,12.5,7][0.,7.7,15.1][0.,16.5,21.9][1.,7.5,12.2][1.,12.6,15.3][1.,16.2,17.4][2.,9.0,10.1][2.,10.7,15.3][3.,8.5,14.9][3.,15.5,20.2][3.,20.2,22.0][4.,7.09,12.0][4.,12.7,17.5][5.,8.5,9.69]
13  1419.926  消费数 3597.08  四个目标值 -1419.926 13 8.168576393640963 69.09901165465288 6 规划路径 46 43 53 40 35 26 33 30 62 65 63 68 6 规划时间 [6.,17.0,7][0.,8.7,15.0][0.,16.9,21.1][1.,8.0,12.6][1.,12.8,16.7][2.,7.5,13.7][2.,15.7,21.5][3.,7.90,15.0][3.,15.7,19.5][4.,7.09,12.7][4.,12.9,18.0][5.,9.0,13.8][5.,14.5,20.5][6.,8.5,14.0]
14  1338.64  消费数 3775.05  四个目标值 -1338.64 14 8.8564858929916 71.87716948062527 2 规划路径 55 43 53 40 35 36 31 30 32 22 63 68 6 75 规划时间 [7.,16.0,7][0.,7.7,11.2][0.,12.4,18.6][1.,8.0,15.7][1.,16.1,21.0][2.,7.5,15.5][2.,15.5,16.5][3.,8.0,9.90][3.,10.5,14.5][3.,14.7,16.5][4.,9.0,16.7][5.,9.0,15.5][5.,16.3,21.4][6.,7.0,14.1][7.,7.0,13.3]
15  1834.6019999999996  消费数 4427.96  四个目标值 -1834.6019999999996 14 9.671536666341156 67.10385134409017 3 规划路径 46 45 53 40 35 36 33 67 62 22 63 68 6 75 规划时间 [7.,16.3,7][0.,8.7,15.1][0.,15.2,16.6][1.,8.0,14.6][1.,14.8,16.2][2.,7.5,12.6][2.,12.6,14.6][2.,15.2,21.9][3.,9.20,15.2][3.,16.0,19.7][4.,9.0,14.7][5.,9.0,16.8][5.,17.5,20.5][6.,8.5,13.0][7.,7.0,13.5]
16  1619.822  消费数 3970.38  四个目标值 -1619.822 14 9.618594638322048 59.073536438884055 5 规划路径 46 45 53 40 35 26 24 67 62 65 63 68 6 75 规划时间 [6.,16.1,7][0.,8.7,15.3][0.,15.4,16.4][1.,8.0,11.0][1.,11.2,18.1][2.,7.5,12.8][2.,14.7,20.0][2.,20.9,21.9][3.,8.70,13.7][3.,14.4,18.2][3.,18.2,20.9][4.,9.0,14.5][4.,15.2,17.2][5.,8.5,13.1][6.,7.0,13.5]
17  1687.064  消费数 4168.69  四个目标值 -1687.064 14 8.568751150727351 74.09035687796163 4 规划路径 46 43 53 40 35 42 24 30 32 22 63 68 6 75 规划时间 [7.,11.3,7][0.,8.7,15.6][0.,17.5,21.0][1.,8.0,13.1][1.,13.3,21.2][2.,7.10,10.7][2.,11.7,19.0][3.,7.0,13.5][3.,14.2,18.2][4.,7.5,8.79][4.,9.29,16.5][5.,9.0,12.3][5.,13.0,20.8][6.,8.5,16.5][7.,7.0,8.59]
18  1487.9490000000003  消费数 3897.46  四个目标值 -1487.9490000000003 14 9.087670865277772 70.35327023500454 2 规划路径 46 47 53 40 35 36 31 30 32 22 63 68 6 75 规划时间 [7.,15.8,7][0.,8.7,14.7][0.,14.8,16.4][1.,8.0,12.7][1.,13.0,18.0][2.,7.5,11.5][2.,11.5,16.7][3.,8.0,15.7][3.,16.5,20.2][4.,7.5,14.0][4.,14.5,16.5][5.,9.0,16.0][5.,16.8,21.9][6.,7.5,13.0][7.,7.0,13.0]
19  1887.3919999999998  消费数 4274.35  四个目标值 -1887.3919999999998 14 9.570095612352693 57.83364490246277 6 规划路径 46 57 53 40 35 26 33 67 62 65 63 68 24 75 规划时间 [6.,19.0,7][0.,8.7,15.1][1.,8.5,16.2][2.,8.0,12.3][2.,12.7,16.5][3.,7.5,9.5][3.,11.4,13.5][3.,15.0,17.5][4.,8.5,13.4][4.,14.0,18.4][4.,18.5,21.9][5.,9.0,15.8][5.,16.5,21.4][6.,8.30,10.0][6.,13.5,16.4]
20  1731.454  消费数 4175.06  四个目标值 -1731.454 14 8.632052869803369 71.48569750325112 5 规划路径 46 43 53 40 35 26 24 30 25 22 63 68 6 75 规划时间 [7.,14.5,7][0.,8.7,16.7][0.,18.6,20.8][1.,8.0,10.7][1.,11.1,18.4][2.,7.5,14.3][2.,16.2,20.9][3.,7.0,13.5][3.,14.2,15.7][3.,16.7,19.2][4.,9.0,16.5][5.,9.0,15.4][5.,16.0,20.9][6.,8.5,13.9][7.,7.0,11.9]
21  1522.3079999999998  消费数 3827.13  四个目标值 -1522.3079999999998 14 9.25877658701121 68.41703393848412 5 规划路径 46 47 53 40 35 36 33 26 62 65 63 68 6 75 规划时间 [6.,16.0,7][0.,8.7,11.0][0.,11.1,17.2][1.,8.0,13.2][1.,13.5,21.2][2.,7.10,10.7][2.,10.7,15.2][2.,15.8,20.5][3.,7.0,11.2][3.,13.5,17.7][3.,17.7,20.2][4.,9.0,12.7][4.,13.4,20.2][5.,8.5,15.0][6.,7.0,13.3]
22  1148.9009999999998  消费数 3100.62  四个目标值 -1148.9009999999998 13 8.404174998650033 52.34883406680046 5 规划路径 46 43 53 40 35 36 33 67 62 65 63 68 56 规划时间 [5.,13.1,7][0.,8.7,14.6][0.,16.5,19.8][1.,8.0,13.7][1.,14.1,17.2][2.,7.5,15.0][2.,15.0,16.2][2.,16.9,20.0][3.,7.40,12.5][3.,13.2,18.5][3.,18.5,21.4][4.,9.0,11.7][4.,12.5,14.9][5.,8.5,12.4]
23  1516.258  消费数 3836.58  四个目标值 -1516.258 14 9.464399798823138 62.626313301418556 5 规划路径 46 45 53 40 35 36 33 26 62 65 63 68 6 75 规划时间 [6.,15.5,7][0.,8.7,10.6][0.,10.7,15.8][1.,8.0,12.7][1.,13.0,17.7][2.,7.5,13.2][2.,13.2,15.3][2.,16.0,22.0][3.,8.40,10.7][3.,12.9,18.5][3.,18.5,21.9][4.,9.0,11.0][4.,11.7,17.0][5.,8.5,16.3][6.,7.0,12.8]
24  1591.124  消费数 3827.85  四个目标值 -1591.124 14 9.294651444434004 67.02815358155765 5 规划路径 46 43 53 40 35 36 33 67 62 65 63 68 56 75 规划时间 [6.,15.1,7][0.,8.7,15.3][0.,17.2,21.9][1.,7.39,13.7][1.,14.1,20.1][2.,7.5,14.8][2.,14.8,16.7][2.,17.2,21.7][3.,9.0,11.2][3.,11.9,19.4][3.,19.5,21.2][4.,9.0,12.2][4.,12.9,16.0][5.,8.5,14.9][6.,7.0,12.5]
25  1399.845  消费数 4052.01  四个目标值 -1399.845 14 8.977677145574585 69.68400870231336 2 规划路径 58 54 53 40 35 36 33 30 32 22 63 68 6 75 规划时间 [7.,12.0,7][0.,7.6,14.2][0.,15.6,16.8][1.,8.0,12.2][1.,12.5,20.4][2.,7.5,10.7][2.,10.7,13.7][2.,14.3,21.4][3.,7.09,14.7][3.,15.0,16.7][4.,9.0,14.5][5.,9.0,16.6][5.,17.4,21.5][6.,7.09,14.5][7.,7.0,9.30]
26  1836.4579999999999  消费数 4429.52  四个目标值 -1836.4579999999999 14 9.277037546691746 67.99259569616962 3 规划路径 46 47 53 40 35 36 33 30 62 22 63 68 6 75 规划时间 [7.,16.5,7][0.,8.7,16.6][0.,16.7,18.5][1.,8.0,15.7][1.,16.1,18.7][2.,7.5,9.79][2.,9.79,10.8][2.,11.5,19.5][3.,9.0,10.7][3.,13.2,19.0][4.,9.0,15.2][5.,9.0,15.4][5.,16.0,17.6][6.,8.5,16.3][7.,7.0,13.9]
27  1352.352  消费数 3839.1  四个目标值 -1352.352 14 9.415321963109752 66.09978710609556 2 规划路径 55 41 53 40 35 36 31 30 62 65 63 68 6 75 规划时间 [7.,13.0,7][0.,7.7,13.6][0.,15.0,17.1][1.,8.0,14.7][1.,15.1,18.4][2.,7.5,14.0][2.,14.0,16.5][3.,8.0,11.7][3.,12.5,17.5][3.,20.0,21.5][4.,9.5,16.7][5.,9.0,13.1][5.,13.9,20.9][6.,8.5,15.3][7.,7.0,10.4]
28  1188.8600000000001  消费数 3315.6  四个目标值 -1188.8600000000001 13 8.299754788548634 73.65422402584913 4 规划路径 46 43 53 40 35 36 31 30 62 65 63 68 6 规划时间 [6.,18.5,7][0.,8.7,16.1][0.,18.0,21.6][1.,7.10,14.2][1.,14.5,20.2][2.,7.5,15.3][2.,15.3,16.5][3.,8.0,13.0][3.,13.7,20.9][4.,8.40,11.0][4.,11.0,19.0][5.,9.0,15.0][5.,15.8,20.5][6.,8.5,15.5]
29  1087.964  消费数 3419.62  四个目标值 -1087.964 13 8.913779578596941 55.14187463377345 2 规划路径 55 54 53 40 35 36 21 67 62 65 63 68 6 规划时间 [6.,14.4,7][0.,7.7,11.8][0.,12.6,15.9][1.,8.0,11.2][1.,11.5,15.2][1.,16.2,17.2][2.,9.0,15.8][3.,8.5,15.9][4.,8.5,16.0][4.,16.7,21.7][5.,9.5,12.8][5.,12.9,16.4][5.,17.0,20.1][6.,8.5,11.4]
30  1971.2549999999999  消费数 4431.33  四个目标值 -1971.2549999999999 14 9.1969815556396 72.60229252514594 4 规划路径 46 47 53 40 35 60 31 30 62 65 63 68 25 75 规划时间 [7.,13.3,7][0.,8.7,15.6][0.,15.7,21.1][1.,8.39,14.7][1.,15.0,16.7][2.,7.5,11.5][2.,13.5,16.5][3.,8.0,12.0][3.,12.7,20.0][4.,7.5,12.7][4.,12.9,20.0][5.,9.0,16.9][5.,17.5,20.5][6.,7.59,14.4][7.,7.0,10.5]
31  1080.6370000000002  消费数 3087.83  四个目标值 -1080.6370000000002 13 8.083108675343992 56.36824321466063 5 规划路径 41 43 53 40 35 36 33 26 62 65 63 68 6 规划时间 [5.,13.0,7][0.,8.4,15.3][0.,16.0,17.5][1.,8.0,14.6][1.,14.8,21.4][2.,7.29,11.3][2.,11.3,16.2][2.,16.9,21.7][3.,8.09,10.2][3.,12.5,13.7][3.,13.9,21.5][4.,9.0,14.7][4.,15.5,18.2][5.,8.5,10.0]
32  1911.325  消费数 4513.07  四个目标值 -1911.325 14 9.571340079057567 70.1679842505134 4 规划路径 46 43 53 40 35 36 31 30 62 65 63 68 14 75 规划时间 [6.,16.3,7][0.,8.7,16.1][0.,18.0,21.6][1.,7.10,13.6][1.,13.8,21.2][2.,7.20,8.79][2.,8.79,14.5][2.,15.2,16.4][2.,17.0,20.0][3.,7.5,11.0][3.,11.0,16.5][4.,9.0,14.7][4.,15.4,21.5][5.,10.5,18.0][6.,8.0,13.5]
33  1372.999  消费数 3704.72  四个目标值 -1372.999 14 9.02759161472504 61.850222939529914 5 规划路径 55 43 53 40 35 36 33 26 62 65 63 68 6 75 规划时间 [6.,17.1,7][0.,7.7,12.7][0.,13.9,21.1][1.,8.0,13.6][1.,13.8,15.7][2.,7.5,13.5][2.,13.5,14.6][2.,15.2,17.0][2.,18.5,21.7][3.,8.90,11.0][3.,11.0,17.5][4.,9.0,12.7][4.,13.4,15.9][5.,8.5,16.1][6.,7.0,14.5]
34  1281.7089999999998  消费数 3333.67  四个目标值 -1281.7089999999998 13 8.025230616509113 65.18554199107616 6 规划路径 60 43 53 40 35 26 33 67 62 65 63 68 6 规划时间 [5.,19.0,7][0.,7.7,14.6][0.,15.9,18.9][1.,8.0,14.7][1.,15.1,20.5][2.,7.5,12.5][2.,14.3,17.5][2.,19.0,20.5][3.,7.79,12.7][3.,13.5,20.7][3.,20.9,22.0][4.,7.09,13.2][4.,13.9,20.2][5.,8.5,16.0]
35  1101.943  消费数 3503.24  四个目标值 -1101.943 13 9.004510889059233 57.45001471993825 3 规划路径 58 54 53 40 35 36 33 67 62 65 63 68 1 规划时间 [6.,16.8,7][0.,7.6,15.2][1.,10.0,14.2][2.,8.0,13.6][2.,13.8,19.2][3.,7.5,11.9][3.,11.9,13.7][3.,14.2,16.4][4.,8.5,10.7][4.,11.5,18.4][4.,18.5,21.7][5.,9.0,15.9][5.,16.5,18.0][6.,8.5,13.9]
36  1763.706  消费数 4584.05  四个目标值 -1763.706 14 9.491027817508742 70.10580627538297 2 规划路径 58 54 53 40 35 36 33 67 62 22 63 68 6 75 规划时间 [7.,16.9,7][0.,7.6,9.5][0.,10.9,15.7][1.,8.0,13.3][1.,13.7,19.7][2.,7.5,9.79][2.,9.79,15.5][2.,16.0,20.9][3.,8.20,14.0][3.,14.7,18.7][4.,9.0,15.0][5.,9.0,12.0][5.,12.8,17.8][6.,8.5,16.5][7.,7.0,14.1]
37  1296.086  消费数 3568.28  四个目标值 -1296.086 14 9.173313933642909 63.27452669261918 4 规划路径 41 43 53 40 35 36 33 67 62 65 63 68 6 75 规划时间 [6.,13.4,7][0.,8.4,12.9][0.,13.6,16.9][1.,8.0,15.1][1.,15.3,17.5][2.,7.5,14.2][2.,14.2,15.7][2.,16.2,21.7][3.,9.0,16.2][3.,16.9,19.7][3.,19.9,21.9][4.,7.0,12.2][4.,13.0,16.7][5.,8.5,16.4][6.,7.0,10.6]
38  1206.154  消费数 3315.98  四个目标值 -1206.154 13 8.703137036424884 69.13216709419834 3 规划路径 46 47 53 40 35 36 31 67 62 65 63 68 6 规划时间 [6.,14.8,7][0.,8.7,16.6][0.,16.7,20.1][1.,7.39,13.6][1.,13.8,20.2][2.,7.5,13.7][2.,13.7,16.7][3.,8.0,16.0][4.,8.5,16.0][4.,16.7,21.4][5.,9.5,14.9][5.,15.0,16.9][5.,17.5,21.9][6.,7.5,11.8]
39  1943.331  消费数 4196.57  四个目标值 -1943.331 14 8.826098561485066 58.01434233930896 7 规划路径 46 43 53 40 35 26 33 30 62 65 12 68 6 75 规划时间 [6.,13.0,7][0.,8.7,14.0][0.,15.9,20.3][1.,8.0,10.2][1.,10.5,17.7][2.,7.5,15.0][2.,16.9,19.0][2.,20.5,21.7][3.,7.5,8.90][3.,11.4,17.5][3.,17.5,19.0][3.,20.7,21.7][4.,8.5,16.2][5.,8.5,15.3][6.,7.0,10.3]
40  1181.0149999999999  消费数 3306.33  四个目标值 -1181.0149999999999 13 8.773652165554111 66.37150191560802 4 规划路径 46 45 53 40 35 36 33 67 62 65 63 68 6 规划时间 [6.,19.3,7][0.,8.7,9.8][0.,9.9,14.7][1.,8.0,12.2][1.,12.6,20.2][2.,7.5,12.5][2.,12.5,15.2][2.,15.8,18.7][3.,8.5,16.0][3.,16.7,21.7][4.,9.5,17.4][5.,9.0,13.3][5.,14.0,19.1][6.,8.5,16.3]
41  1164.4569999999999  消费数 3166.18  四个目标值 -1164.4569999999999 13 8.645944359674582 64.74017053215258 4 规划路径 46 41 53 40 35 36 33 67 62 65 63 68 56 规划时间 [5.,11.8,7][0.,8.7,13.1][0.,14.9,21.7][1.,7.30,14.7][1.,15.1,19.6][2.,7.5,9.79][2.,9.79,15.8][2.,16.5,21.0][3.,8.40,14.7][3.,15.5,20.2][3.,20.4,22.0][4.,7.09,14.2][4.,14.9,21.2][5.,8.59,11.0]
42  1313.102  消费数 3514.82  四个目标值 -1313.102 14 9.227320427239984 56.219005286131086 4 规划路径 55 43 53 40 35 36 33 67 62 65 63 68 6 75 规划时间 [5.,17.9,7][0.,7.7,15.4][0.,16.6,18.7][1.,8.0,13.2][1.,13.6,19.5][2.,7.5,9.10][2.,9.10,13.2][2.,13.7,19.0][3.,8.5,14.5][3.,15.2,21.4][4.,9.5,15.5][4.,15.7,16.9][4.,17.5,19.0][5.,8.5,10.3][5.,13.6,15.1]
43  1476.407  消费数 3705.27  四个目标值 -1476.407 14 9.103001000008918 58.093381300356995 5 规划路径 42 43 53 40 35 26 33 67 62 65 63 68 6 75 规划时间 [5.,14.6,7][0.,8.0,13.3][0.,13.5,19.8][1.,8.0,14.0][1.,14.2,21.2][2.,7.20,9.70][2.,11.6,17.2][2.,18.7,20.2][3.,7.5,12.9][3.,13.5,16.2][3.,16.2,20.5][4.,9.0,12.0][4.,12.7,14.9][4.,15.5,16.9][5.,7.0,12.0]
44  1456.3609999999996  消费数 3756.68  四个目标值 -1456.3609999999996 14 9.664128611338082 65.89857896683493 4 规划路径 46 45 53 40 35 36 33 67 62 65 63 68 6 75 规划时间 [6.,15.0,7][0.,8.7,15.2][0.,15.3,16.8][1.,8.0,12.2][1.,12.6,18.2][2.,7.5,12.7][2.,12.7,14.5][2.,15.1,18.0][3.,8.5,15.5][3.,16.2,20.9][3.,21.0,22.0][4.,7.09,13.9][4.,14.5,20.0][5.,8.5,16.1][6.,7.0,12.4]
45  1168.7069999999999  消费数 3297.33  四个目标值 -1168.7069999999999 13 8.498540321221743 67.62324262530197 3 规划路径 42 43 53 40 35 36 31 67 62 65 63 68 18 规划时间 [6.,15.8,7][0.,8.0,14.8][0.,15.0,18.3][1.,8.0,13.6][1.,13.8,21.7][2.,7.60,15.2][2.,15.2,17.0][3.,8.0,15.7][4.,8.5,16.5][4.,17.2,21.5][5.,9.5,12.0][5.,12.1,17.4][5.,18.0,19.1][6.,8.0,13.8]
46  1350.5259999999998  消费数 3510.58  四个目标值 -1350.5259999999998 13 8.522494980726151 72.57050473692993 5 规划路径 46 47 53 40 35 26 24 67 62 65 63 68 6 规划时间 [6.,16.8,7][0.,8.7,13.9][0.,14.0,20.1][1.,7.39,15.3][1.,15.7,19.7][2.,7.5,12.2][2.,14.2,20.2][3.,7.0,14.7][4.,8.5,13.7][4.,14.4,19.7][4.,19.7,21.4][5.,9.0,15.8][5.,16.5,21.4][6.,7.0,13.8]
47  1328.1989999999998  消费数 3812.38  四个目标值 -1328.1989999999998 14 9.518362542020128 65.9063704578096 2 规划路径 42 41 53 40 35 36 21 67 62 65 63 68 6 75 规划时间 [7.,13.3,7][0.,8.0,11.2][0.,11.8,15.4][1.,8.0,13.2][1.,13.6,20.0][2.,7.5,13.2][2.,13.2,14.7][3.,8.5,15.9][4.,8.5,16.4][4.,17.0,18.5][4.,18.5,20.9][5.,9.0,16.3][5.,17.0,20.5][6.,8.5,15.1][7.,7.0,10.5]
48  1332.191  消费数 3643.91  四个目标值 -1332.191 14 9.362428509922685 55.810675755604294 3 规划路径 55 43 53 40 35 36 31 67 62 65 63 68 6 75 规划时间 [6.,16.0,7][0.,7.7,10.6][0.,11.8,16.9][1.,8.0,11.6][1.,11.8,15.1][1.,16.0,17.2][2.,9.0,14.7][2.,15.5,16.5][3.,8.5,16.2][3.,16.9,20.4][3.,20.5,21.7][4.,9.0,11.9][4.,12.5,18.0][5.,8.5,14.5][6.,7.0,13.3]
49  998.5969999999999  消费数 3042.78  四个目标值 -998.5969999999999 13 8.450364227474466 66.712551114934 3 规划路径 42 41 53 40 35 36 33 67 62 65 63 68 6 规划时间 [5.,19.4,7][0.,8.0,15.3][0.,15.9,21.0][1.,8.0,15.1][1.,15.3,21.6][2.,7.5,12.7][2.,12.7,15.1][2.,15.7,20.5][3.,7.90,13.9][3.,14.5,19.9][3.,20.0,21.0][4.,9.0,10.5][4.,11.2,17.9][5.,8.5,16.4]
50  1097.6529999999998  消费数 3144.38  四个目标值 -1097.6529999999998 13 8.137115168941067 64.40682123817939 5 规划路径 55 43 53 40 35 36 33 26 62 65 63 68 6 规划时间 [5.,17.1,7][0.,7.7,10.8][0.,12.0,19.9][1.,8.0,13.2][1.,13.6,20.7][2.,7.5,11.3][2.,11.3,13.0][2.,13.6,18.0][2.,19.4,21.0][3.,8.29,12.0][3.,12.0,18.9][4.,9.0,15.7][4.,16.4,21.7][5.,7.29,14.1]
51  1070.212  消费数 3139.39  四个目标值 -1070.212 13 8.863272867589231 61.04243202328998 2 规划路径 42 41 53 40 35 36 31 67 62 65 63 68 64 规划时间 [5.,17.8,7][0.,8.0,13.0][0.,13.6,21.2][1.,8.0,12.8][1.,13.2,18.2][2.,7.5,9.89][2.,9.89,11.8][2.,12.6,15.2][3.,8.5,13.5][3.,14.2,17.7][3.,17.7,21.7][4.,9.0,16.2][4.,16.9,21.5][5.,7.70,14.8]
52  1715.6009999999999  消费数 4190.37  四个目标值 -1715.6009999999999 14 9.152023079170931 68.94149743998722 2 规划路径 55 41 53 40 35 36 33 67 32 22 63 68 6 75 规划时间 [7.,17.5,7][0.,7.7,10.9][0.,12.3,18.4][1.,8.0,10.3][1.,10.7,18.4][2.,7.5,11.5][2.,11.5,16.9][2.,17.5,18.9][3.,8.5,14.4][4.,7.5,13.0][4.,13.5,16.2][5.,9.0,16.4][5.,17.0,20.4][6.,8.5,14.4][7.,7.0,14.8]
53  1018.734  消费数 3042.36  四个目标值 -1018.734 13 8.008866053934971 58.397084696516714 5 规划路径 42 43 53 40 35 36 33 26 62 65 63 68 6 规划时间 [5.,14.4,7][0.,8.0,11.0][0.,11.2,18.8][1.,8.0,14.7][1.,15.1,19.5][2.,7.5,13.0][2.,13.0,16.0][2.,16.7,21.9][3.,8.29,12.2][3.,14.4,17.0][3.,17.0,19.2][4.,9.0,15.2][4.,15.9,21.0][5.,8.5,11.4]
54  1695.2720000000002  消费数 4047.43  四个目标值 -1695.2720000000002 14 9.059052839424936 65.4912469540879 6 规划路径 46 43 53 40 35 26 33 30 62 65 63 68 6 75 规划时间 [6.,16.4,7][0.,8.7,14.3][0.,16.2,18.9][1.,8.0,14.0][1.,14.2,21.2][2.,7.10,11.0][2.,12.8,18.7][2.,20.0,21.2][3.,7.0,12.5][3.,15.0,17.7][3.,17.9,20.0][4.,9.0,13.7][4.,14.4,19.2][5.,8.5,15.0][6.,7.0,13.6]
55  1122.2979999999998  消费数 3176.16  四个目标值 -1122.2979999999998 13 8.163060893433885 61.264069370039785 5 规划路径 42 43 53 40 35 26 24 67 62 65 63 68 6 规划时间 [5.,15.9,7][0.,8.0,10.0][0.,10.2,17.8][1.,8.0,15.2][1.,15.5,21.7][2.,7.70,14.7][2.,16.7,19.7][2.,20.7,22.0][3.,8.79,15.7][3.,16.5,21.5][4.,9.5,13.5][4.,13.5,17.4][4.,18.0,20.2][5.,8.5,12.9]
56  1231.268  消费数 3575.45  四个目标值 -1231.268 13 8.831473072199426 63.4680323798795 3 规划路径 42 41 53 40 35 36 33 67 62 65 63 68 14 规划时间 [5.,18.6,7][0.,8.0,14.9][0.,15.5,21.8][1.,7.39,14.2][1.,14.5,16.1][2.,7.5,9.89][2.,9.89,15.2][2.,15.7,19.7][3.,8.5,14.2][3.,15.0,17.9][3.,18.0,21.7][4.,9.0,16.7][4.,17.4,21.2][5.,10.3,16.5]
57  1273.943  消费数 3603.12  四个目标值 -1273.943 14 9.34084067325844 61.53916262410512 3 规划路径 42 41 53 40 35 36 33 67 62 65 63 68 6 75 规划时间 [6.,12.9,7][0.,8.0,12.1][0.,12.7,19.9][1.,8.0,11.2][1.,11.5,15.3][1.,16.2,17.4][2.,9.0,12.2][2.,12.7,20.5][3.,7.79,11.0][3.,11.7,17.7][3.,17.9,21.5][4.,9.0,13.5][4.,14.2,19.7][5.,8.5,13.4][6.,7.0,10.1]
58  987.7449999999999  消费数 2924.94  四个目标值 -987.7449999999999 13 8.333489872805554 59.98106435868884 4 规划路径 41 43 53 40 35 36 33 67 62 65 63 68 56 规划时间 [5.,14.3,7][0.,8.4,12.2][0.,12.9,19.2][1.,8.0,14.7][1.,15.0,19.2][2.,7.5,12.0][2.,12.0,16.9][2.,17.5,20.0][3.,7.40,11.2][3.,12.0,17.0][3.,17.0,18.7][4.,9.0,15.5][4.,16.2,21.0][5.,8.40,13.5]
59  1437.4039999999998  消费数 3816.82  四个目标值 -1437.4039999999998 14 9.295306700242405 55.36155948653275 4 规划路径 42 41 53 40 35 26 24 67 62 65 63 68 6 75 规划时间 [6.,11.1,7][0.,8.0,13.0][0.,13.6,19.3][1.,8.0,13.0][1.,13.2,15.7][2.,7.5,10.5][2.,12.3,18.2][2.,19.0,21.5][3.,8.40,11.7][3.,12.5,18.7][3.,18.9,20.2][4.,9.0,10.7][4.,11.4,15.9][5.,8.5,15.5][6.,7.0,8.5]
60  1245.5219999999997  消费数 3299.38  四个目标值 -1245.5219999999997 13 8.267571073502861 56.68145891077365 6 规划路径 42 43 53 40 35 26 33 67 62 65 63 68 24 规划时间 [5.,11.3,7][0.,8.0,13.6][0.,13.8,20.5][1.,8.0,15.7][1.,16.0,18.2][2.,7.5,14.7][2.,16.5,19.0][2.,20.5,21.9][3.,9.20,12.4][3.,13.0,19.5][3.,19.7,20.9][4.,9.0,15.9][4.,16.5,20.9][5.,7.79,9.0]
61  1097.991  消费数 3354.71  四个目标值 -1097.991 13 8.804910280222106 54.02276053486382 4 规划路径 55 41 53 40 35 36 33 26 62 65 63 68 54 规划时间 [5.,12.6,7][0.,7.7,11.8][0.,13.2,18.6][1.,8.0,14.3][1.,14.7,16.4][2.,7.5,12.7][2.,12.7,13.7][2.,14.3,19.7][3.,7.0,11.2][3.,13.4,15.9][3.,16.0,19.2][4.,9.0,15.4][4.,16.0,19.5][5.,7.09,11.9]
62  1004.761  消费数 2981.48  四个目标值 -1004.761 13 8.38749636640263 58.94025593834806 4 规划路径 55 43 53 40 35 36 33 67 62 65 63 68 56 规划时间 [5.,15.9,7][0.,7.7,12.3][0.,13.5,21.5][1.,8.0,13.5][1.,13.7,18.5][2.,7.5,11.7][2.,11.7,12.7][2.,13.3,18.9][3.,8.5,14.5][3.,15.2,19.2][3.,19.2,20.9][4.,9.0,12.7][4.,13.4,16.7][5.,8.5,15.0]
63  1246.962  消费数 3266.78  四个目标值 -1246.962 13 8.368300141227238 62.02309506114884 5 规划路径 46 47 53 40 35 36 33 26 62 65 63 68 6 规划时间 [5.,15.8,7][0.,8.7,15.3][0.,15.4,18.4][1.,8.0,14.2][1.,14.5,21.2][2.,7.20,8.79][2.,8.79,12.1][2.,12.7,17.7][2.,19.0,21.9][3.,9.09,12.4][3.,12.5,20.0][4.,9.0,15.4][4.,16.0,21.2][5.,8.5,12.8]
64  1294.0800000000002  消费数 3492.71  四个目标值 -1294.0800000000002 14 8.899342499718943 60.15472588043217 5 规划路径 42 43 53 40 35 36 33 26 62 65 63 68 6 75 规划时间 [5.,20.0,7][0.,8.0,9.7][0.,9.9,17.2][1.,8.0,15.3][1.,15.7,20.6][2.,7.5,12.5][2.,12.5,14.5][2.,15.1,20.2][3.,7.0,8.90][3.,11.0,15.7][3.,15.9,21.0][4.,9.0,16.7][4.,17.5,19.0][5.,8.5,10.3][5.,13.6,17.4]
65  958.8369999999999  消费数 2962.46  四个目标值 -958.8369999999999 13 8.208594866449918 65.4120718671469 4 规划路径 42 43 53 40 35 36 33 67 62 65 63 68 6 规划时间 [5.,19.3,7][0.,8.0,11.6][0.,11.8,18.4][1.,8.0,15.2][1.,15.5,19.9][2.,7.5,14.8][2.,14.8,17.0][2.,17.5,21.4][3.,8.70,15.7][3.,16.5,19.4][3.,19.5,21.5][4.,9.0,13.9][4.,14.5,20.0][5.,8.5,16.3]
66  944.9309999999998  消费数 2898.56  四个目标值 -944.9309999999998 13 8.394355334079235 53.785032570053346 3 规划路径 42 43 53 40 35 36 31 67 62 65 63 68 56 规划时间 [5.,11.9,7][0.,8.0,13.3][0.,13.5,18.8][1.,8.0,11.6][1.,11.8,17.4][2.,7.5,10.8][2.,10.8,12.3][2.,13.1,16.5][3.,8.5,12.2][3.,13.0,18.7][3.,18.9,21.0][4.,9.0,11.9][4.,12.5,19.9][5.,7.29,11.0]
67  965.6019999999999  消费数 2959.78  四个目标值 -965.6019999999999 13 8.501016612421083 60.685414261604606 3 规划路径 42 41 53 40 35 36 33 67 62 65 63 68 56 规划时间 [5.,12.1,7][0.,8.0,15.7][0.,16.3,18.4][1.,8.0,14.1][1.,14.3,20.2][2.,7.5,9.0][2.,9.0,16.7][2.,17.4,21.5][3.,8.79,14.2][3.,14.9,19.5][3.,19.7,20.9][4.,9.0,15.5][4.,16.2,22.0][5.,9.40,11.4]
68  1056.8449999999998  消费数 3303.57  四个目标值 -1056.8449999999998 13 8.471952064138714 71.59766400917545 3 规划路径 55 43 53 40 35 36 31 67 62 65 63 68 6 规划时间 [7.,18.5,7][0.,7.7,12.6][0.,13.8,19.1][1.,8.0,12.0][1.,12.2,17.2][2.,7.5,14.7][2.,14.7,16.7][3.,8.0,15.9][4.,8.5,16.4][4.,17.0,21.4][5.,9.5,17.5][6.,9.0,12.0][6.,12.6,17.6][7.,8.5,15.5]
69  1391.291  消费数 3616.84  四个目标值 -1391.291 13 9.20360760358563 56.370067970874516 5 规划路径 46 45 53 40 35 26 33 67 62 65 63 68 54 规划时间 [5.,11.3,7][0.,8.7,16.1][0.,16.2,17.5][1.,8.0,13.0][1.,13.2,20.7][2.,7.5,14.0][2.,15.8,20.7][3.,7.20,10.5][3.,12.7,16.4][3.,17.0,18.4][3.,18.5,20.7][4.,9.0,16.4][4.,17.0,21.0][5.,8.5,10.5]
70  969.7499999999999  消费数 3022.38  四个目标值 -969.7499999999999 13 8.755070521470154 53.52650721241409 3 规划路径 42 43 53 40 35 36 31 67 62 65 63 68 1 规划时间 [5.,16.5,7][0.,8.0,9.6][0.,9.8,17.3][1.,8.0,12.3][1.,12.7,19.4][2.,7.5,15.2][2.,15.2,16.2][3.,8.0,12.9][3.,15.2,17.2][3.,17.9,21.0][4.,9.5,13.0][4.,13.2,15.5][4.,16.2,19.7][5.,8.5,13.5]
71  1345.357  消费数 3397.31  四个目标值 -1345.357 13 8.307988640687382 60.3186939515555 6 规划路径 46 43 53 40 35 26 24 67 62 65 63 68 6 规划时间 [5.,18.5,7][0.,8.7,11.8][0.,13.7,20.8][1.,8.0,15.2][1.,15.5,21.0][2.,7.5,11.3][2.,13.2,16.0][2.,16.9,18.4][3.,8.5,15.2][3.,15.9,17.9][3.,18.0,21.7][4.,9.0,13.0][4.,13.7,19.5][5.,8.5,15.5]
72  977.9259999999998  消费数 3091.55  四个目标值 -977.9259999999998 13 8.343702949132618 64.35906162559881 3 规划路径 42 43 53 40 35 36 31 67 62 65 63 68 6 规划时间 [6.,19.3,7][0.,8.0,12.6][0.,12.8,20.3][1.,8.0,13.5][1.,13.7,17.1][2.,7.5,12.8][2.,12.8,16.0][3.,8.0,14.2][4.,8.5,14.0][4.,14.7,16.4][4.,16.5,21.5][5.,9.0,11.3][5.,12.0,18.3][6.,8.5,16.3]
73  1437.8659999999998  消费数 3439.59  四个目标值 -1437.8659999999998 13 8.431765708774373 55.571336222779905 6 规划路径 46 43 53 40 35 36 33 67 62 65 63 68 52 规划时间 [5.,16.0,7][0.,8.7,12.1][0.,14.0,18.7][1.,8.0,10.7][1.,11.0,16.4][2.,7.5,15.3][2.,15.3,16.9][2.,17.5,20.7][3.,8.09,10.2][3.,11.0,18.2][3.,18.2,20.7][4.,9.0,15.0][4.,15.7,21.5][5.,11.3,14.3]
74  1037.7559999999999  消费数 3064.48  四个目标值 -1037.7559999999999 13 8.336843981456013 63.96791127575719 4 规划路径 55 43 53 40 35 36 33 67 62 65 63 68 6 规划时间 [5.,15.3,7][0.,7.7,14.4][0.,15.6,19.5][1.,8.0,14.3][1.,14.7,21.2][2.,7.10,13.0][2.,13.0,14.1][2.,14.7,21.4][3.,8.70,15.7][3.,16.4,17.5][3.,17.5,21.2][4.,9.0,16.2][4.,16.9,20.7][5.,8.5,12.3]
75  1241.7930000000001  消费数 3263.52  四个目标值 -1241.7930000000001 13 8.15379380118847 54.64448619227965 6 规划路径 46 43 53 40 35 36 33 26 62 65 63 68 6 规划时间 [5.,16.3,7][0.,8.7,12.8][0.,14.7,19.6][1.,8.0,11.7][1.,12.1,19.1][2.,7.5,9.60][2.,9.60,12.7][2.,13.2,16.0][2.,17.4,19.2][3.,9.5,14.0][3.,14.0,21.0][4.,9.0,15.4][4.,16.0,18.5][5.,8.5,13.3]
76  1017.686  消费数 3171.87  四个目标值 -1017.686 13 8.585472310157167 61.535566935209886 2 规划路径 42 41 53 40 35 36 31 67 62 65 63 68 6 规划时间 [6.,15.0,7][0.,8.0,14.2][0.,14.8,20.2][1.,8.0,13.2][1.,13.6,16.9][2.,7.5,12.1][2.,12.1,15.6][3.,8.0,15.9][4.,8.5,14.9][4.,15.5,19.0][4.,19.2,20.7][5.,9.0,15.8][5.,16.5,20.0][6.,8.5,12.0]
77  1269.749  消费数 3614.13  四个目标值 -1269.749 14 9.151964765420958 62.00787024950362 3 规划路径 42 41 53 40 35 36 33 30 62 65 63 68 6 75 规划时间 [6.,11.0,7][0.,8.0,14.4][0.,15.0,17.8][1.,8.0,13.7][1.,14.1,19.2][2.,7.5,13.3][2.,13.3,16.7][2.,17.2,21.5][3.,7.29,14.7][3.,17.2,19.7][3.,19.7,21.7][4.,9.0,12.5][4.,13.2,19.7][5.,8.5,13.4][6.,7.0,8.40]
78  1201.0609999999997  消费数 3254.92  四个目标值 -1201.0609999999997 13 8.212524554224947 58.482371722608356 5 规划路径 42 43 53 40 35 26 33 67 62 65 63 68 6 规划时间 [5.,17.5,7][0.,8.0,11.6][0.,11.8,19.2][1.,8.0,15.3][1.,15.7,17.5][2.,7.5,12.3][2.,14.2,18.9][2.,20.2,21.7][3.,9.0,11.5][3.,12.2,17.9][3.,18.0,19.4][4.,9.0,13.5][4.,14.2,21.2][5.,8.5,14.5]
79  1051.123  消费数 3120.3  四个目标值 -1051.123 13 8.72816478490653 58.444789818596405 3 规划路径 42 41 53 40 35 36 33 67 62 65 63 68 64 规划时间 [5.,18.1,7][0.,8.0,11.5][0.,12.1,19.3][1.,8.0,14.2][1.,14.6,16.6][2.,7.5,9.89][2.,9.89,11.8][2.,12.5,17.9][3.,8.5,11.7][3.,12.5,19.7][3.,19.9,21.2][4.,9.0,15.7][4.,16.5,20.2][5.,8.0,15.1]
