0  3753.807  消费数 7817.17  四个目标值 -3753.807 18 11.500204268826735 70.74885598000958 5 4 规划路径 57 30 45 46 69 27 34 25 26 1 40 65 20 62 3 53 55 68 规划时间 [9.,20.3,7][0.,7.7,13.1][0.,15.8,16.9][1.,8.5,14.7][1.,14.8,17.2][2.,7.39,8.89][2.,10.6,15.7][3.,8.5,13.5][3.,13.7,14.7][3.,15.7,17.7][4.,8.5,15.2][4.,17.9,20.7][5.,8.69,14.0][6.,9.0,14.5][6.,18.5,19.9][7.,8.5,14.0][8.,8.0,15.9][9.,8.5,11.6][9.,14.5,17.0]
1  2773.6499999999996  消费数 6460.27  四个目标值 -2773.6499999999996 18 10.665186765347164 87.36814629303667 8 4 规划路径 46 55 43 53 29 69 65 68 25 45 24 33 1 26 67 6 3 62 规划时间 [9.,8.0,7][0.,8.7,15.6][1.,8.5,15.7][1.,17.0,21.7][2.,7.29,14.7][3.,8.5,16.0][4.,8.5,15.0][4.,15.9,21.0][5.,7.0,14.1][5.,16.1,18.9][6.,7.30,9.90][6.,13.3,18.8][6.,19.4,20.9][7.,8.0,12.9][7.,14.0,20.8][8.,7.59,8.80][8.,9.5,11.8][8.,11.9,13.5][8.,14.6,20.0]
2  3940.049  消费数 7990.05  四个目标值 -3940.049 18 10.218279847923604 81.42501763253782 5 8 规划路径 35 46 36 44 26 3 53 33 49 79 29 63 25 34 69 6 20 5 规划时间 [10,13.8,7][0.,8.8,12.8][0.,15.2,18.6][1.,9.0,10.8][1.,12.0,19.9][2.,7.89,15.7][2.,16.7,20.7][3.,8.40,13.0][3.,14.2,19.5][4.,8.40,14.9][5.,8.5,11.5][5.,15.0,16.9][6.,9.0,16.4][6.,18.5,21.6][7.,8.5,15.5][8.,8.5,10.0][8.,10.8,13.5][9.,9.0,16.5][10,9.0,10.8]
3  3244.687999999999  消费数 7056.38  四个目标值 -3244.687999999999 19 10.3038236099511 68.2194861724901 5 5 规划路径 39 1 3 53 29 67 24 43 35 44 42 25 23 6 16 49 36 41 33 规划时间 [8.,17.0,7][0.,9.1,14.5][1.,8.5,14.6][1.,15.0,16.4][2.,8.0,13.7][2.,16.0,17.0][3.,8.5,13.4][3.,15.2,16.5][3.,18.4,20.5][4.,7.5,11.4][4.,12.5,14.2][4.,14.9,21.0][5.,8.0,9.90][5.,11.4,17.1][6.,8.5,9.59][6.,13.5,16.4][7.,8.0,12.5][7.,15.8,16.8][7.,17.5,21.8][8.,8.09,14.8]
4  3999.645  消费数 9153.65  四个目标值 -3999.645 18 11.142882087386974 89.54649909573504 5 4 规划路径 30 40 46 44 45 26 3 53 14 25 65 1 39 67 6 49 36 63 规划时间 [11,14.3,7][0.,9.0,12.5][0.,14.2,21.8][1.,9.0,13.7][1.,15.3,19.7][2.,8.5,9.60][2.,13.7,19.0][2.,20.0,21.2][3.,8.79,16.4][3.,18.0,19.7][4.,7.20,13.2][4.,15.4,20.2][5.,8.5,15.3][6.,8.5,15.6][7.,8.5,16.3][8.,8.5,12.6][9.,8.0,15.8][10,9.0,14.3][11,9.0,11.3]
5  4056.089  消费数 8618.37  四个目标值 -4056.089 19 10.386564600258566 89.46165687374398 6 7 规划路径 79 78 30 67 53 1 54 66 61 43 26 33 39 20 6 40 69 35 24 规划时间 [12,8.19,7][0.,9.4,13.0][0.,13.1,19.6][1.,8.5,12.0][1.,14.2,16.7][2.,8.0,15.3][3.,8.5,11.5][3.,13.7,15.2][4.,8.5,13.0][5.,8.5,14.3][5.,15.5,18.9][6.,7.0,8.5][6.,9.90,17.5][7.,8.5,15.4][8.,9.0,14.5][9.,8.5,12.4][9.,15.1,18.0][10,8.5,15.5][11,7.5,14.0][11,15.1,20.8]
6  2329.625  消费数 6146.03  四个目标值 -2329.625 18 10.81545552575611 71.58326665386505 5 5 规划路径 68 25 20 43 29 26 6 69 3 1 62 53 35 33 37 40 54 30 规划时间 [7.,17.9,7][0.,10.2,15.4][0.,17.4,21.8][1.,8.89,11.2][1.,12.2,19.5][2.,7.10,9.70][2.,10.3,15.3][3.,8.5,15.0][3.,15.9,17.0][3.,17.9,20.5][4.,8.5,9.5][4.,10.7,13.2][5.,8.0,9.09][5.,9.90,12.8][5.,13.4,20.6][6.,7.5,14.5][6.,15.5,21.6][7.,7.90,10.0][7.,11.6,15.9]
7  3554.1910000000003  消费数 7119.04  四个目标值 -3554.1910000000003 19 10.947234732944821 62.56195031354996 7 5 规划路径 44 43 1 25 65 68 45 62 29 69 55 24 26 3 33 53 23 67 6 规划时间 [7.,20.0,7][0.,7.8,8.9][0.,9.6,10.8][0.,13.8,15.0][0.,16.6,19.7][1.,9.5,13.6][1.,14.2,19.2][2.,9.20,16.7][3.,9.5,15.7][4.,8.5,12.2][4.,14.0,16.2][5.,8.5,11.5][5.,13.5,15.5][5.,16.5,18.0][5.,19.0,21.4][6.,8.40,13.8][6.,15.0,16.9][6.,19.0,21.0][7.,7.09,12.8][7.,13.5,17.0]
8  3752.8550000000005  消费数 7879.99  四个目标值 -3752.8550000000005 18 10.282733233603745 85.45162162280167 7 5 规划路径 40 46 2 44 62 66 43 33 52 26 25 56 53 69 67 54 30 24 规划时间 [9.,16.9,7][0.,7.9,15.5][0.,17.7,19.5][1.,9.29,15.2][1.,18.7,20.5][2.,8.79,16.7][3.,8.5,12.5][3.,15.7,21.5][4.,7.90,12.5][4.,16.0,20.9][5.,10.5,17.0][5.,17.9,20.6][6.,7.30,13.1][6.,14.0,15.9][7.,8.5,14.0][7.,15.0,17.0][8.,10.0,14.6][8.,16.4,20.5][9.,7.0,14.5]
9  3359.9489999999996  消费数 6692.42  四个目标值 -3359.9489999999996 18 10.710998637064879 64.80696672821313 8 4 规划路径 46 53 1 44 43 3 6 69 24 26 65 55 45 33 67 62 25 68 规划时间 [7.,17.5,7][0.,8.7,12.1][0.,14.3,15.4][1.,8.5,10.5][1.,13.5,21.1][2.,7.0,8.79][2.,11.8,19.5][3.,8.5,9.59][3.,10.4,11.7][3.,13.9,21.2][4.,7.09,12.0][4.,14.2,17.5][5.,8.5,12.8][5.,15.1,16.6][5.,19.5,21.6][6.,9.0,10.5][6.,11.1,18.5][6.,20.9,21.9][7.,8.90,14.4]
10  3104.915  消费数 6589.91  四个目标值 -3104.915 18 10.175129332292078 83.14961738195232 7 6 规划路径 30 69 46 44 53 37 25 65 41 24 29 33 43 35 20 34 26 67 规划时间 [9.,15.6,7][0.,9.0,14.3][1.,8.5,16.1][2.,7.0,14.2][2.,15.7,20.5][3.,8.0,12.5][3.,13.2,16.2][3.,17.2,20.5][4.,7.79,10.2][4.,13.7,21.2][5.,8.0,14.9][5.,15.8,17.1][5.,18.5,21.0][6.,7.30,15.0][6.,15.9,17.3][7.,9.0,15.5][8.,8.5,12.9][8.,14.0,16.6][9.,8.5,12.5]
11  3192.455  消费数 6491.43  四个目标值 -3192.455 18 10.469482910413548 69.1884077089764 5 7 规划路径 37 6 29 3 24 65 34 53 25 26 1 45 41 69 67 20 35 44 规划时间 [8.,20.5,7][0.,8.8,12.6][0.,15.1,17.2][1.,8.5,13.8][1.,14.7,17.2][1.,18.7,20.2][2.,7.39,14.3][3.,8.5,13.5][3.,15.2,16.4][3.,18.2,21.2][4.,7.20,14.9][5.,8.5,12.8][6.,8.5,11.9][6.,13.6,20.5][7.,9.30,13.6][7.,14.6,17.0][8.,9.0,12.4][8.,13.4,16.3][8.,17.4,19.6]
12  2414.6820000000007  消费数 5595.84  四个目标值 -2414.6820000000007 18 10.313812014156381 69.8475995004832 5 6 规划路径 20 36 23 68 3 25 26 1 33 69 37 35 53 40 24 34 6 44 规划时间 [7.,20.8,7][0.,9.0,10.7][0.,11.7,13.8][0.,15.6,20.5][1.,7.0,13.3][1.,14.0,16.1][1.,17.6,21.2][2.,7.10,12.2][2.,13.2,16.9][2.,19.0,20.0][3.,7.5,13.7][4.,7.5,11.5][4.,11.5,15.5][5.,8.0,12.8][5.,13.0,16.4][5.,18.4,20.1][6.,8.5,15.5][7.,8.5,15.0][7.,18.1,20.0]
13  3659.188  消费数 7599.66  四个目标值 -3659.188 19 10.19557841023688 78.8801355069591 8 7 规划路径 46 34 20 7 35 29 37 69 65 3 26 33 41 43 24 44 53 61 25 规划时间 [10,7.69,7][0.,8.7,13.4][1.,8.5,14.3][2.,9.0,13.5][3.,8.5,16.2][4.,7.5,8.90][4.,10.7,16.4][5.,7.5,8.69][5.,11.6,17.1][5.,18.0,19.8][5.,20.9,21.9][6.,7.90,13.6][6.,15.0,17.6][6.,19.0,22.0][7.,7.69,14.8][7.,16.5,19.5][8.,7.0,13.4][8.,14.0,16.9][9.,8.5,11.0][9.,14.0,20.3]
14  3651.4030000000002  消费数 7137.06  四个目标值 -3651.4030000000002 18 10.36419458469464 74.69068955421841 8 5 规划路径 25 55 67 3 53 45 24 46 33 65 68 69 43 6 62 29 26 44 规划时间 [8.,15.5,7][0.,9.4,12.0][0.,14.2,17.2][1.,8.5,13.1][1.,13.7,17.5][2.,8.0,9.20][2.,11.5,12.6][2.,16.0,20.0][3.,8.5,14.2][3.,17.2,21.7][4.,9.29,12.5][4.,13.2,19.5][5.,8.5,16.3][5.,19.9,21.8][6.,10.0,13.9][6.,15.0,18.5][7.,8.5,15.8][7.,16.5,20.8][8.,8.80,14.8]
15  4167.2660000000005  消费数 8610.23  四个目标值 -4167.2660000000005 18 11.102391537832407 76.11821476354389 6 4 规划路径 44 35 62 46 67 53 17 54 24 25 26 65 40 69 68 61 16 3 规划时间 [10,8.59,7][0.,7.8,15.8][1.,7.5,11.2][1.,14.3,18.0][2.,7.79,11.7][3.,8.5,16.2][4.,8.0,13.5][4.,15.0,16.7][5.,10.0,13.0][5.,15.0,17.6][5.,17.8,21.5][6.,7.40,14.9][6.,17.0,21.1][7.,9.09,13.6][8.,8.5,10.0][8.,11.0,19.0][9.,7.90,10.8][9.,13.1,14.9][9.,18.6,20.5]
16  3606.8509999999997  消费数 7412.33  四个目标值 -3606.8509999999997 18 10.258860268838571 73.23132026753778 5 8 规划路径 25 3 63 34 5 69 33 36 20 79 46 49 44 6 26 29 53 67 规划时间 [9.,20.5,7][0.,9.4,15.7][0.,17.2,18.8][1.,9.0,16.1][2.,8.5,15.8][3.,9.0,15.7][4.,8.5,14.5][4.,17.0,21.4][5.,9.0,12.0][5.,13.0,15.5][6.,8.5,10.0][6.,14.3,17.6][7.,8.0,11.1][7.,13.5,20.3][8.,8.5,12.8][8.,13.9,15.0][8.,15.8,17.0][9.,8.0,13.0][9.,15.8,17.3]
17  3751.9730000000004  消费数 8101.95  四个目标值 -3751.9730000000004 18 11.401529326363828 78.53834856419883 5 4 规划路径 17 26 40 61 35 3 67 69 25 68 46 62 53 44 65 54 41 37 规划时间 [9.,14.3,7][0.,9.0,12.5][0.,15.5,21.4][1.,9.10,15.8][2.,8.5,10.3][2.,12.3,17.2][2.,19.7,20.7][3.,8.5,15.9][4.,8.5,15.0][4.,17.0,20.4][5.,7.40,11.5][5.,16.5,17.5][6.,7.30,13.4][7.,8.0,12.6][7.,13.3,20.0][8.,8.30,10.3][8.,12.5,14.3][8.,16.0,21.8][9.,7.59,12.5]
18  2445.988  消费数 6351.32  四个目标值 -2445.988 18 10.576094838587904 65.98593040902138 6 4 规划路径 49 44 43 34 1 25 27 68 67 65 3 35 38 14 29 53 36 33 规划时间 [7.,14.5,7][0.,8.8,11.8][0.,14.1,19.9][0.,20.6,21.9][1.,8.70,16.1][2.,8.5,10.0][2.,11.6,17.0][3.,8.0,14.2][3.,15.7,21.5][4.,8.5,15.5][4.,16.2,21.0][5.,7.20,10.5][5.,13.0,16.0][5.,16.1,18.3][5.,19.6,21.0][6.,9.30,10.5][6.,12.9,16.5][7.,9.0,10.5][7.,11.1,12.3]
19  4154.844999999999  消费数 8328.84  四个目标值 -4154.844999999999 18 11.326044245743624 62.504558619738646 6 4 规划路径 61 69 65 44 3 35 62 16 24 67 54 26 68 53 40 46 25 1 规划时间 [8.,14.1,7][0.,7.7,12.9][1.,8.5,14.8][1.,15.7,21.9][2.,10.2,12.6][2.,15.7,18.2][3.,7.5,14.0][3.,17.2,19.7][4.,9.20,14.0][4.,16.5,18.0][5.,8.5,11.0][5.,13.5,16.3][5.,18.5,19.8][6.,7.0,14.9][7.,8.0,12.0][7.,12.3,14.1][7.,16.4,17.8][8.,7.0,8.19][8.,9.80,11.3]
20  3735.0330000000004  消费数 8404.21  四个目标值 -3735.0330000000004 19 11.304538661011456 72.77411042281065 6 5 规划路径 40 65 29 36 39 25 67 1 45 14 46 26 3 33 53 6 63 49 44 规划时间 [9.,17.1,7][0.,7.9,11.6][0.,14.5,20.7][1.,7.60,14.2][2.,9.0,10.6][2.,11.2,14.7][2.,15.8,18.2][3.,8.5,15.4][4.,8.5,13.0][5.,8.5,10.9][5.,13.4,19.5][6.,7.09,9.5][6.,13.8,16.0][6.,17.0,21.3][7.,8.30,13.9][7.,15.1,16.1][8.,8.5,13.4][8.,14.5,16.9][9.,8.0,12.9][9.,15.1,16.4]
21  3016.7169999999996  消费数 6934.18  四个目标值 -3016.7169999999996 18 10.418442907496932 78.52910409185961 5 6 规划路径 65 26 34 46 53 42 41 37 62 20 40 30 68 6 69 29 33 25 规划时间 [8.,16.4,7][0.,10.0,14.1][0.,16.3,19.3][1.,8.5,12.6][1.,16.0,19.7][2.,8.0,12.2][2.,12.7,17.2][2.,17.9,21.4][3.,7.20,12.0][3.,15.0,19.2][4.,8.20,10.7][4.,12.0,14.7][4.,16.4,20.2][5.,7.5,13.6][5.,14.3,16.0][6.,8.5,15.5][7.,8.5,15.1][7.,16.5,21.5][8.,7.09,14.0]
22  3048.371  消费数 7386.21  四个目标值 -3048.371 18 10.61422269422416 84.96216321393887 6 5 规划路径 69 53 3 1 26 35 34 29 67 44 25 43 38 40 33 15 14 49 规划时间 [9.,15.0,7][0.,10.5,14.1][1.,8.0,14.1][1.,16.7,21.2][2.,8.5,10.6][2.,11.7,18.9][3.,7.5,11.5][3.,12.5,15.5][4.,8.5,15.5][5.,8.5,12.4][5.,15.6,19.1][6.,7.0,13.6][6.,15.5,20.0][6.,20.8,21.8][7.,7.69,14.5][7.,15.9,20.0][8.,7.0,14.8][8.,15.5,21.1][9.,9.80,13.1]
23  2877.3270000000007  消费数 7022.73  四个目标值 -2877.3270000000007 18 10.640900892056191 68.93888178178493 6 5 规划路径 69 24 1 3 67 39 36 53 25 29 33 65 14 49 46 45 40 44 规划时间 [8.,7.5,7][0.,10.5,17.1][0.,19.2,21.0][1.,7.69,10.0][1.,10.3,17.9][2.,8.5,10.1][2.,12.8,14.2][2.,14.8,16.0][3.,8.0,13.5][3.,15.2,19.4][4.,8.5,10.9][4.,12.2,15.7][4.,18.4,21.7][5.,11.0,19.0][6.,7.59,9.59][6.,11.5,19.0][7.,8.5,10.3][7.,12.3,13.6][7.,14.4,21.6]
24  3768.303  消费数 7881.14  四个目标值 -3768.303 18 11.171584437794541 75.68516064211892 5 5 规划路径 44 40 25 62 17 53 65 54 26 41 46 37 35 69 67 79 33 66 规划时间 [8.,18.8,7][0.,7.8,14.3][0.,15.0,17.5][0.,19.4,20.7][1.,8.0,11.7][1.,15.7,17.2][2.,8.0,13.3][2.,16.2,19.5][3.,10.0,15.7][3.,18.0,21.0][4.,8.70,12.2][4.,14.0,21.0][5.,8.59,13.4][5.,13.5,17.3][6.,8.5,11.0][6.,12.0,17.5][7.,8.5,9.80][7.,13.6,19.8][8.,7.80,15.8]
25  3292.8999999999996  消费数 7310.22  四个目标值 -3292.8999999999996 18 10.400403911329304 87.80899734039536 5 6 规划路径 4 3 65 20 41 43 44 53 25 40 69 34 37 26 49 29 1 68 规划时间 [10,9.90,7][0.,10.0,13.7][0.,13.8,20.7][1.,9.5,16.2][2.,9.0,14.5][2.,15.3,20.0][2.,20.7,21.7][3.,7.40,11.4][3.,12.0,16.4][3.,18.2,21.7][4.,8.59,15.5][5.,8.5,14.3][6.,8.5,12.0][6.,13.0,15.0][6.,16.9,21.3][7.,11.0,16.0][8.,8.5,15.5][9.,8.5,15.4][9.,16.0,21.6]
26  3854.0329999999994  消费数 8208.8  四个目标值 -3854.0329999999994 18 11.016523350029129 75.79892289552579 5 5 规划路径 34 37 67 20 29 25 26 3 24 55 53 65 69 45 35 49 1 23 规划时间 [11,7.39,7][0.,9.6,13.5][0.,14.5,17.3][1.,8.5,11.8][2.,9.0,14.0][3.,8.5,10.7][3.,11.5,16.0][3.,16.9,18.4][3.,19.4,21.7][4.,8.29,14.9][5.,8.5,14.3][6.,8.0,9.09][6.,11.9,18.5][7.,8.5,15.9][8.,8.5,15.9][9.,7.5,10.8][9.,14.0,15.4][10,8.5,14.9][10,15.6,19.8]
27  3836.007  消费数 8590.78  四个目标值 -3836.007 18 10.65810415391203 89.00236544821342 6 4 规划路径 26 24 61 33 30 14 43 54 53 39 69 36 1 40 35 67 20 3 规划时间 [11,7.69,7][0.,10.0,13.7][0.,14.6,20.6][1.,8.60,12.8][1.,15.3,22.0][2.,7.70,9.39][2.,11.8,18.2][2.,19.5,21.0][3.,7.5,14.0][4.,8.0,13.2][4.,14.4,15.5][5.,8.5,14.9][6.,9.0,16.8][7.,8.5,13.0][7.,15.8,21.0][8.,7.5,14.9][9.,8.5,15.5][10,9.0,15.3][10,18.6,19.6]
28  3101.528  消费数 7297.19  四个目标值 -3101.528 18 10.737712887283573 71.13514920350832 5 6 规划路径 44 24 53 46 54 17 20 40 26 34 6 69 35 67 25 62 65 42 规划时间 [8.,14.1,7][0.,7.8,9.8][0.,12.0,13.5][0.,15.3,16.8][0.,19.0,21.5][1.,9.10,12.0][1.,14.6,19.7][2.,9.0,11.3][2.,12.7,16.2][2.,18.9,21.5][3.,7.79,14.9][4.,8.5,15.5][4.,16.2,17.4][5.,7.5,15.3][6.,8.5,12.0][6.,13.9,19.1][7.,9.5,15.5][7.,15.6,19.8][8.,8.09,13.1]
29  3616.664  消费数 8124.71  四个目标值 -3616.664 18 10.27507436654683 86.91715908538455 6 6 规划路径 62 65 30 39 53 25 34 3 29 40 33 63 26 68 44 7 20 46 规划时间 [10,8.19,7][0.,10.0,14.6][0.,14.7,16.2][0.,18.7,19.9][1.,8.5,15.7][2.,8.0,11.3][2.,13.2,19.0][3.,8.5,14.9][3.,16.7,20.0][4.,8.5,14.5][4.,17.0,21.7][5.,8.09,15.4][6.,9.0,13.9][6.,16.0,21.0][7.,7.5,9.90][7.,13.1,21.0][8.,10.8,16.0][9.,9.0,12.8][9.,15.1,21.5]
30  3896.7590000000005  消费数 7800.76  四个目标值 -3896.7590000000005 18 10.504939868210437 79.22674122237288 5 6 规划路径 69 20 25 1 24 35 53 39 6 44 63 26 67 36 33 40 45 3 规划时间 [10,15.9,7][0.,10.5,11.9][1.,9.0,11.0][1.,13.1,15.5][2.,8.5,15.3][2.,17.0,20.5][3.,7.5,15.2][4.,8.0,13.5][4.,14.7,16.5][5.,8.5,16.0][5.,19.1,21.4][6.,9.69,15.6][6.,17.9,21.3][7.,8.09,13.9][8.,9.0,14.0][8.,14.5,22.0][9.,8.40,11.5][9.,13.5,16.5][10,8.5,12.9]
31  2703.237  消费数 6149.16  四个目标值 -2703.237 18 10.542503131217645 67.1716132890695 6 5 规划路径 6 53 24 69 23 1 3 26 33 35 25 37 40 34 68 36 20 46 规划时间 [8.,20.0,7][0.,10.0,14.8][1.,8.0,11.5][1.,13.2,19.7][2.,8.5,14.5][2.,15.8,18.2][3.,8.5,10.0][3.,10.5,15.4][3.,16.4,18.7][3.,20.2,21.5][4.,7.20,10.7][4.,11.7,15.9][5.,7.5,10.6][5.,11.6,15.9][6.,8.5,10.8][6.,13.0,15.1][7.,9.0,16.4][8.,9.0,10.5][8.,13.0,18.3]
32  2641.2929999999997  消费数 6336.66  四个目标值 -2641.2929999999997 18 10.61745273408734 71.88230297868381 5 5 规划路径 36 3 69 23 25 1 53 40 26 68 6 35 24 33 34 20 37 49 规划时间 [8.,11.5,7][0.,8.8,16.0][0.,18.4,21.3][1.,7.10,10.8][1.,12.2,14.3][1.,15.8,19.2][2.,8.5,14.1][3.,8.0,13.2][3.,13.5,19.5][4.,7.20,12.0][4.,13.5,20.0][5.,8.5,13.0][5.,15.5,17.0][5.,18.1,21.0][6.,7.0,14.5][6.,15.4,17.3][7.,9.0,11.1][7.,12.4,14.5][8.,8.0,9.80]
33  4044.4230000000007  消费数 7538.42  四个目标值 -4044.4230000000007 18 10.265362519979147 63.852106707433194 6 7 规划路径 33 25 1 45 29 40 34 35 44 61 65 46 53 26 69 7 24 20 规划时间 [7.,15.4,7][0.,9.3,15.9][0.,16.5,20.4][1.,7.0,10.0][1.,14.7,17.0][2.,8.5,14.2][2.,16.7,21.2][3.,8.20,15.2][3.,16.2,17.4][3.,18.5,20.2][4.,8.5,10.5][4.,14.2,19.5][5.,9.30,13.3][5.,15.5,16.5][5.,19.0,20.6][6.,7.40,12.9][6.,14.5,15.5][6.,19.0,21.5][7.,8.59,13.4]
34  3864.5579999999995  消费数 7928.54  四个目标值 -3864.5579999999995 19 10.888110888539012 78.88710990198089 5 5 规划路径 59 26 45 65 6 27 20 53 36 29 3 30 1 9 69 67 61 23 43 规划时间 [10,17.3,7][0.,7.8,13.2][0.,16.9,21.5][1.,10.7,11.8][1.,16.7,18.4][2.,8.5,15.8][3.,8.0,10.2][3.,13.2,14.4][3.,15.7,16.9][4.,9.0,10.7][4.,12.7,16.2][4.,17.2,18.7][5.,9.0,16.9][6.,8.5,15.9][7.,8.0,15.8][8.,8.5,12.9][8.,13.9,16.4][9.,8.5,14.1][9.,17.4,20.9][10,8.40,16.3]
35  2556.8140000000003  消费数 6180.81  四个目标值 -2556.8140000000003 18 10.493373982502948 77.04565899797677 7 5 规划路径 40 24 29 68 1 62 20 34 69 3 25 26 33 35 43 53 37 65 规划时间 [8.,9.30,7][0.,7.9,11.8][0.,13.8,19.8][1.,8.5,16.0][1.,17.4,21.4][2.,8.5,13.3][2.,14.6,21.0][3.,10.0,11.2][3.,13.0,14.7][4.,8.5,12.7][4.,13.5,17.2][4.,18.7,21.4][5.,7.29,13.5][5.,15.0,17.4][6.,7.5,15.0][6.,15.8,20.9][7.,8.0,12.5][7.,13.3,16.3][7.,19.4,21.3]
36  2764.1059999999998  消费数 6426.0  四个目标值 -2764.1059999999998 18 10.249918223389754 80.0328056859295 5 6 规划路径 53 41 62 69 36 43 61 38 25 37 26 40 20 44 29 67 68 65 规划时间 [8.,17.6,7][0.,8.1,9.7][0.,10.3,11.7][0.,15.1,21.1][1.,7.10,8.39][1.,11.3,13.7][1.,14.6,20.6][2.,8.5,14.1][2.,16.0,20.0][3.,7.0,13.4][3.,14.4,17.2][3.,19.0,21.5][4.,9.20,15.0][5.,9.0,12.3][5.,13.6,21.0][6.,9.0,15.5][7.,8.5,15.9][7.,16.0,20.4][8.,9.5,14.6]
37  3529.7729999999997  消费数 7336.47  四个目标值 -3529.7729999999997 18 10.827130123941581 74.44612864240479 5 6 规划路径 69 25 26 45 37 67 65 35 20 29 3 1 53 55 6 34 24 49 规划时间 [9.,17.5,7][0.,10.5,13.4][0.,15.5,21.3][1.,7.19,14.2][2.,8.5,12.7][2.,15.1,17.0][3.,8.5,12.9][3.,13.5,18.4][4.,7.5,14.5][5.,9.0,15.6][6.,8.5,13.3][6.,14.1,15.4][6.,15.8,16.9][7.,8.0,13.3][7.,15.3,16.5][8.,8.5,14.5][8.,16.4,17.5][8.,17.9,20.4][9.,9.5,15.8]
38  3738.91  消费数 7627.21  四个目标值 -3738.91 18 10.973572975786361 73.93578312327004 6 4 规划路径 29 49 33 24 40 44 65 36 25 2 67 46 45 53 1 26 68 20 规划时间 [9.,17.5,7][0.,9.7,12.3][1.,8.0,9.0][1.,12.7,18.2][1.,18.7,21.9][2.,8.89,11.7][2.,12.5,20.4][3.,8.70,15.5][4.,9.0,13.4][4.,14.5,16.5][4.,18.0,20.7][5.,8.5,11.5][5.,16.5,19.4][6.,8.5,14.4][7.,8.0,9.19][7.,11.6,16.4][7.,17.5,21.0][8.,7.59,14.5][9.,9.0,15.5]
39  3316.096  消费数 6803.7  四个目标值 -3316.096 18 10.577604057422473 62.72819746296601 7 5 规划路径 45 34 46 40 26 67 53 20 69 6 68 65 1 43 25 22 3 24 规划时间 [8.,8.90,7][0.,8.8,14.9][1.,8.5,15.2][1.,18.7,20.6][2.,7.79,15.6][2.,18.2,21.2][3.,8.0,11.5][3.,14.2,16.7][4.,9.0,12.5][5.,8.5,14.3][5.,15.0,17.0][5.,17.6,20.1][5.,20.9,21.9][6.,8.09,11.0][6.,14.0,15.6][6.,17.5,19.6][7.,9.0,14.5][7.,16.0,18.5][7.,20.0,21.5]
40  3398.3490000000006  消费数 7154.95  四个目标值 -3398.3490000000006 18 10.685997287650567 75.65098811131848 7 4 规划路径 33 62 53 45 44 65 24 43 25 1 30 3 6 26 55 67 69 63 规划时间 [8.,19.0,7][0.,9.3,12.5][0.,15.2,21.4][1.,9.20,15.6][2.,8.5,11.5][2.,13.1,20.7][3.,9.0,15.0][3.,17.2,19.5][4.,7.0,13.0][4.,14.7,18.4][5.,8.5,11.5][5.,13.5,16.5][5.,18.6,21.8][6.,8.5,14.4][6.,15.5,19.3][7.,7.09,9.09][7.,12.0,14.1][7.,15.1,16.4][8.,9.0,16.0]
41  3694.9959999999996  消费数 7975.38  四个目标值 -3694.9959999999996 18 10.486769649284371 67.5228802610586 6 6 规划路径 3 45 46 40 39 65 29 53 49 69 1 67 33 44 25 24 14 34 规划时间 [8.,16.1,7][0.,10.0,16.9][1.,8.5,14.2][1.,14.2,19.1][2.,9.0,12.2][2.,13.3,16.2][2.,19.5,21.2][3.,8.09,10.5][3.,12.7,17.0][4.,8.0,12.5][5.,8.5,13.5][5.,14.3,16.1][6.,8.5,9.69][6.,12.0,15.9][6.,17.5,19.9][7.,7.0,8.5][7.,8.59,16.0][7.,18.4,21.0][8.,8.09,13.5]
42  2856.98  消费数 6443.6  四个目标值 -2856.98 18 11.171134828235907 70.43071447346836 6 4 规划路径 62 43 69 1 67 65 3 6 26 53 44 25 33 68 35 45 55 40 规划时间 [7.,22.0,7][0.,10.0,13.9][0.,17.2,21.7][1.,10.2,14.2][1.,15.1,16.2][2.,8.5,14.7][2.,15.3,19.2][2.,20.4,21.7][3.,8.5,10.7][3.,11.7,16.0][4.,8.0,13.4][4.,14.0,20.9][5.,8.0,15.5][5.,16.0,18.0][5.,20.3,22.0][6.,9.80,15.9][7.,8.5,13.0][7.,15.4,17.1][7.,18.0,21.0]
43  3155.7229999999995  消费数 6997.35  四个目标值 -3155.7229999999995 18 10.288176117685797 78.00325601074445 6 6 规划路径 37 69 34 24 55 43 29 62 68 26 25 65 3 6 45 44 1 53 规划时间 [9.,15.3,7][0.,8.8,12.3][0.,15.3,17.1][1.,8.5,13.7][1.,14.2,18.7][2.,8.5,12.2][2.,13.5,16.5][3.,8.5,16.2][3.,18.0,20.0][3.,20.7,21.7][4.,8.29,13.2][4.,14.2,19.2][5.,9.5,13.5][5.,14.5,20.4][6.,8.5,12.0][7.,8.5,14.5][7.,16.1,19.6][8.,7.69,13.6][9.,8.0,14.1]
44  4042.618999999999  消费数 7517.46  四个目标值 -4042.618999999999 18 10.97024558602083 64.44669667292933 7 4 规划路径 26 1 24 45 3 35 53 62 25 67 6 55 69 44 43 68 33 46 规划时间 [8.,7.0,7][0.,10.0,15.8][1.,8.5,16.5][1.,18.2,21.1][2.,9.5,16.0][2.,20.7,21.9][3.,9.29,12.2][3.,13.0,16.7][3.,19.5,21.5][4.,8.90,10.0][4.,11.9,14.5][4.,15.2,17.4][5.,8.5,10.5][5.,13.8,15.5][5.,19.0,21.0][6.,7.0,13.0][6.,16.3,21.5][7.,8.80,15.1][7.,18.1,20.3]
45  3605.786  消费数 7309.77  四个目标值 -3605.786 18 10.567715549832831 74.71150222740057 5 6 规划路径 35 34 25 46 53 1 26 23 6 65 30 59 69 67 20 3 61 36 规划时间 [9.,17.0,7][0.,8.8,15.5][1.,8.5,13.2][1.,13.5,19.2][2.,7.60,12.8][2.,15.1,16.7][3.,8.5,10.2][3.,11.4,17.2][3.,18.0,20.2][4.,8.5,13.5][4.,14.7,21.5][5.,9.0,16.5][6.,8.0,9.19][6.,13.4,16.4][7.,8.5,10.3][7.,14.0,16.4][7.,19.6,20.6][8.,9.40,15.1][9.,9.0,15.1]
46  3238.606  消费数 7081.65  四个目标值 -3238.606 18 10.648084305859772 66.79964411938325 6 6 规划路径 46 54 17 25 40 6 20 35 69 44 34 24 33 26 65 62 67 53 规划时间 [7.,16.8,7][0.,8.7,11.9][0.,14.5,16.6][0.,19.2,20.5][1.,7.69,15.6][1.,17.5,21.1][2.,8.89,16.2][3.,9.0,13.4][3.,14.4,16.9][4.,8.5,15.2][4.,18.7,21.7][5.,8.90,13.5][5.,13.9,15.8][5.,16.4,19.0][5.,20.5,21.9][6.,9.09,10.6][6.,10.8,12.5][6.,13.3,16.4][7.,8.0,15.6]
47  3316.5820000000003  消费数 7090.58  四个目标值 -3316.5820000000003 18 10.70057441283226 61.923737977607104 6 5 规划路径 37 53 24 62 1 35 3 29 43 33 40 69 26 34 68 20 44 49 规划时间 [7.,16.8,7][0.,8.8,13.8][0.,14.6,15.8][0.,17.6,19.2][1.,9.5,12.6][1.,13.7,15.2][2.,7.5,13.7][2.,16.2,19.7][3.,8.5,13.7][3.,16.2,20.7][4.,7.0,8.40][4.,9.79,12.2][4.,15.4,17.0][4.,18.7,21.9][5.,8.09,13.1][5.,15.4,16.9][6.,9.0,15.0][6.,16.4,18.3][7.,8.0,15.0]
48  3328.3669999999997  消费数 6647.37  四个目标值 -3328.3669999999997 18 10.352937825224952 73.30149165307876 5 7 规划路径 53 67 40 36 20 24 61 6 29 68 44 65 1 26 25 69 3 35 规划时间 [8.,14.9,7][0.,8.1,9.7][0.,12.5,13.9][0.,16.8,20.6][1.,9.0,16.1][2.,9.0,15.2][2.,17.2,20.7][3.,8.79,16.0][4.,8.5,15.4][4.,16.4,17.4][4.,18.7,21.7][5.,10.0,15.0][5.,18.4,21.9][6.,8.09,11.5][6.,12.6,15.5][6.,16.4,18.3][7.,8.5,15.6][7.,16.5,18.6][8.,7.5,13.0]
49  3949.904  消费数 8193.9  四个目标值 -3949.904 18 10.843821855519392 76.57208458204818 6 5 规划路径 37 29 43 69 44 1 26 24 40 35 3 62 33 49 34 67 20 53 规划时间 [9.,18.0,7][0.,8.8,16.8][1.,8.5,12.1][1.,14.7,18.7][2.,7.39,10.2][2.,13.7,16.5][3.,8.5,13.5][3.,14.7,18.4][3.,19.2,21.5][4.,8.59,13.2][4.,14.0,17.4][4.,19.7,21.2][5.,7.5,9.80][5.,12.5,19.1][6.,8.0,13.5][7.,8.5,15.5][8.,8.5,15.0][9.,9.0,14.1][9.,15.5,17.0]
50  2660.627  消费数 5784.3  四个目标值 -2660.627 18 10.58944970551125 72.43852990246606 5 6 规划路径 3 6 25 24 35 26 34 37 67 44 53 20 45 36 38 1 69 68 规划时间 [8.,20.8,7][0.,10.0,13.9][0.,14.0,16.1][0.,17.6,19.9][0.,20.0,21.9][1.,8.0,13.5][1.,15.3,18.7][2.,8.5,16.4][3.,7.5,9.5][3.,12.2,13.2][3.,16.5,20.5][4.,8.0,14.5][5.,9.0,14.5][6.,8.5,15.9][7.,9.0,14.1][7.,14.1,20.6][8.,8.30,12.1][8.,13.0,15.4][8.,16.4,17.5]
51  2835.689  消费数 6809.93  四个目标值 -2835.689 18 10.708981905694994 66.9692996114866 6 4 规划路径 67 15 35 38 14 43 33 3 26 69 1 53 49 40 44 42 34 29 规划时间 [7.,17.4,7][0.,10.2,13.4][0.,17.2,21.1][1.,7.19,13.3][1.,13.5,18.0][1.,19.4,20.7][2.,7.0,10.0][2.,11.2,16.7][2.,18.7,22.0][3.,8.0,15.4][4.,8.5,11.2][4.,12.0,15.5][5.,8.0,11.1][5.,13.8,15.0][5.,17.3,18.8][5.,19.5,21.6][6.,7.40,14.5][6.,16.4,17.4][7.,8.5,14.6]
52  3663.056  消费数 7698.54  四个目标值 -3663.056 18 10.496091045191198 83.0049590530128 5 7 规划路径 49 44 69 5 20 36 46 6 79 35 33 53 26 29 34 3 63 40 规划时间 [10,7.80,7][0.,8.8,16.5][0.,18.8,20.8][1.,9.39,10.8][1.,11.7,15.2][2.,9.0,16.5][3.,9.0,16.0][3.,18.5,20.5][4.,10.2,11.7][4.,15.5,17.0][5.,7.5,14.0][5.,14.6,17.0][6.,8.0,13.0][6.,15.5,21.0][7.,8.5,15.5][8.,8.5,13.1][8.,15.0,21.4][9.,7.5,11.0][9.,14.0,21.9]
53  2585.927  消费数 6014.41  四个目标值 -2585.927 18 10.181968922360692 81.44072575691447 6 5 规划路径 53 41 65 27 25 16 20 24 29 35 43 69 1 3 26 6 68 36 规划时间 [9.,15.0,7][0.,8.1,13.6][0.,14.2,19.6][1.,8.0,14.8][2.,8.0,11.1][2.,12.1,17.2][3.,9.0,16.0][4.,9.0,15.0][4.,17.0,18.4][5.,8.5,15.4][6.,7.5,9.90][6.,10.6,11.6][6.,15.3,17.3][7.,8.5,12.6][7.,13.0,20.6][8.,7.0,11.6][8.,12.8,14.1][8.,14.8,20.8][9.,8.5,13.3]
54  3929.4809999999998  消费数 8542.1  四个目标值 -3929.4809999999998 18 10.872784234813512 67.9448174079518 7 4 规划路径 33 67 43 24 62 78 54 30 69 79 3 6 35 40 53 26 20 49 规划时间 [9.,17.8,7][0.,9.3,15.4][1.,8.5,11.2][1.,14.6,18.0][1.,19.7,21.2][2.,8.60,10.0][2.,13.0,14.6][3.,10.0,13.7][3.,15.4,18.4][4.,8.5,16.2][5.,8.5,10.3][5.,13.9,18.3][6.,8.5,15.1][7.,7.5,8.90][7.,9.80,11.5][7.,11.8,15.9][7.,18.5,21.1][8.,9.09,15.0][9.,8.0,16.0]
55  3441.6240000000003  消费数 7497.66  四个目标值 -3441.6240000000003 18 10.835786392549968 79.88471252711199 5 5 规划路径 69 49 23 1 26 33 6 29 35 25 53 65 68 44 62 67 3 5 规划时间 [8.,19.5,7][0.,10.5,14.4][1.,8.0,11.5][1.,15.7,20.6][2.,8.5,16.0][2.,17.2,19.9][3.,7.0,8.29][3.,10.2,14.5][3.,15.5,16.7][4.,7.5,14.0][4.,15.0,20.2][5.,7.09,12.1][5.,15.0,18.4][5.,19.0,21.5][6.,9.90,16.4][6.,19.6,22.0][7.,7.69,13.1][7.,13.8,19.6][8.,9.0,16.5]
56  3727.7409999999995  消费数 7474.36  四个目标值 -3727.7409999999995 18 10.698252827296066 80.40173491234583 5 5 规划路径 37 44 36 45 53 29 25 6 3 39 26 67 46 63 1 49 33 40 规划时间 [8.,16.0,7][0.,8.8,14.4][0.,15.6,20.9][1.,7.0,13.6][1.,16.0,17.0][2.,8.0,12.0][2.,14.2,17.4][2.,18.2,21.7][3.,8.20,14.9][3.,15.0,19.0][4.,8.5,14.5][4.,16.5,20.7][5.,7.59,8.69][5.,13.5,20.0][6.,9.90,14.8][6.,16.0,17.0][7.,8.0,13.8][7.,17.5,21.3][8.,7.69,15.0]
57  3773.0220000000004  消费数 8737.02  四个目标值 -3773.0220000000004 18 10.701795076755596 81.07704625764691 5 5 规划路径 14 36 79 69 54 39 33 20 1 53 43 67 61 35 40 24 26 30 规划时间 [11,16.5,7][0.,9.1,15.4][1.,9.0,14.6][2.,8.5,15.7][3.,8.5,11.7][3.,14.5,16.9][4.,8.5,13.2][4.,14.0,15.2][5.,9.0,16.0][6.,8.5,14.1][7.,8.0,11.0][7.,11.5,16.5][8.,8.5,13.3][9.,8.5,13.6][9.,15.6,16.9][9.,17.8,21.0][10,8.0,12.4][10,13.3,18.6][11,9.0,14.5]
58  3129.8889999999997  消费数 6298.48  四个目标值 -3129.8889999999997 18 10.55302142114266 64.62730865882146 6 6 规划路径 46 45 25 35 44 61 34 26 24 33 21 40 69 30 65 53 29 67 规划时间 [7.,20.4,7][0.,8.7,11.0][0.,11.1,14.4][0.,17.8,20.6][1.,7.5,12.5][1.,13.6,17.9][2.,8.5,14.0][3.,8.5,10.5][3.,11.7,14.7][3.,15.7,18.5][3.,19.2,21.5][4.,7.79,13.7][4.,15.5,18.7][5.,8.5,11.5][5.,14.0,16.3][5.,18.8,21.3][6.,9.09,15.8][7.,8.5,13.4][7.,14.9,17.1]
59  3479.4719999999998  消费数 7023.45  四个目标值 -3479.4719999999998 18 10.318517059541119 77.17826308832858 7 5 规划路径 30 69 67 1 26 55 29 25 62 44 3 33 65 6 43 68 24 53 规划时间 [8.,15.0,7][0.,9.0,13.1][0.,15.6,17.3][1.,8.5,10.1][1.,10.7,16.7][1.,17.9,19.6][2.,7.39,11.0][2.,13.5,16.2][2.,17.2,21.4][3.,8.70,14.5][3.,17.9,19.5][4.,7.59,12.5][4.,14.5,20.7][5.,8.30,15.9][6.,8.5,15.8][6.,19.0,21.4][7.,9.69,17.0][7.,19.0,21.8][8.,8.59,14.0]
60  3066.782  消费数 6460.98  四个目标值 -3066.782 18 10.700695113301768 69.502643616867 7 4 规划路径 30 33 25 69 45 6 68 1 62 3 26 24 65 55 43 67 53 44 规划时间 [7.,19.0,7][0.,9.0,10.4][0.,11.1,14.8][0.,15.4,20.4][1.,7.5,13.3][2.,8.5,15.3][3.,8.5,12.2][3.,12.9,20.5][4.,8.5,14.2][4.,15.5,18.4][4.,19.5,20.9][5.,7.0,11.4][5.,12.3,14.8][5.,17.0,18.5][6.,8.5,16.0][6.,17.3,21.1][7.,9.5,11.0][7.,13.9,16.0][7.,16.6,18.1]
61  3216.128  消费数 6775.13  四个目标值 -3216.128 18 10.726101024068177 72.94087851180282 5 6 规划路径 35 69 65 68 3 67 61 26 30 40 29 25 1 62 24 53 44 6 规划时间 [7.,18.5,7][0.,8.8,10.0][0.,13.0,17.5][0.,18.4,20.1][0.,20.8,21.9][1.,7.5,11.2][1.,11.7,16.2][2.,8.5,14.1][2.,17.9,20.0][3.,9.0,15.5][3.,17.2,19.0][4.,8.5,15.7][4.,16.7,21.9][5.,8.5,11.4][5.,12.5,18.6][5.,21.0,22.0][6.,8.80,12.5][6.,13.0,20.4][7.,8.59,15.5]
62  3882.9970000000003  消费数 8505.98  四个目标值 -3882.9970000000003 18 10.832416370877986 81.02087315833617 5 5 规划路径 6 67 20 24 21 44 62 17 35 53 69 33 29 63 26 46 40 14 规划时间 [9.,18.1,7][0.,10.0,13.1][0.,13.8,16.4][1.,9.0,12.5][1.,14.6,21.2][2.,8.29,14.0][2.,16.0,18.9][3.,7.20,12.4][3.,16.4,19.7][4.,7.5,12.7][4.,13.5,15.5][5.,8.5,12.8][5.,15.3,19.9][6.,8.5,15.8][7.,9.0,13.5][7.,15.8,17.5][8.,7.0,9.90][8.,12.0,20.0][9.,8.5,16.0]
63  3491.008  消费数 7740.17  四个目标值 -3491.008 18 10.84222306735255 77.01059209413661 6 5 规划路径 25 44 46 26 17 20 69 62 24 65 42 54 35 40 53 67 34 33 规划时间 [9.,8.40,7][0.,9.4,13.1][0.,15.2,20.9][1.,7.5,14.3][1.,18.7,20.9][2.,8.89,11.7][2.,11.7,15.7][3.,8.5,15.9][3.,16.9,19.2][4.,7.0,10.4][4.,12.5,19.2][5.,7.5,12.8][5.,14.4,16.0][6.,7.5,12.1][6.,13.0,16.6][7.,8.0,15.4][8.,8.5,12.5][8.,14.8,17.0][8.,18.0,21.0]
64  3656.8840000000005  消费数 8151.28  四个目标值 -3656.8840000000005 18 10.993892709090762 71.3258006846153 5 5 规划路径 30 3 40 53 7 26 29 63 65 44 25 68 62 46 34 20 36 49 规划时间 [8.,15.4,7][0.,9.0,16.7][0.,18.8,21.7][1.,9.39,14.0][1.,14.2,16.5][2.,8.5,15.6][2.,18.5,20.9][3.,8.5,9.70][3.,11.5,13.5][3.,13.5,21.2][4.,9.5,12.2][4.,14.2,18.7][4.,20.7,21.9][5.,7.59,12.5][5.,17.3,19.9][6.,8.30,11.5][6.,13.4,15.1][7.,9.0,16.4][8.,8.0,13.5]
65  3481.886  消费数 6921.35  四个目标值 -3481.886 18 10.354551122893103 81.75882682481651 6 6 规划路径 1 65 29 26 3 35 43 68 25 53 44 27 34 67 69 61 78 36 规划时间 [9.,18.5,7][0.,9.9,14.5][0.,15.7,17.7][1.,8.5,14.0][1.,14.7,20.2][2.,8.5,15.5][3.,7.5,14.0][3.,14.9,20.2][4.,8.59,10.2][4.,12.2,18.0][5.,8.0,11.0][5.,11.6,18.5][6.,8.0,14.5][6.,15.8,17.5][7.,8.5,10.4][7.,11.4,13.3][8.,8.5,15.4][8.,18.6,20.0][9.,9.30,16.6]
66  3374.4719999999998  消费数 7368.47  四个目标值 -3374.4719999999998 18 10.254149122993358 82.24092710474466 7 5 规划路径 24 34 43 67 29 6 33 26 25 31 1 44 45 3 40 46 53 14 规划时间 [9.,19.1,7][0.,9.3,16.8][1.,8.5,11.5][1.,13.2,20.0][2.,8.29,15.8][3.,8.5,15.4][3.,16.4,17.4][3.,19.4,20.7][4.,7.20,13.5][4.,14.5,16.2][5.,8.0,14.0][6.,8.5,16.0][6.,19.0,21.0][7.,7.69,15.0][7.,19.6,21.3][8.,9.0,12.1][8.,14.4,19.1][9.,8.0,10.0][9.,11.5,17.0]
67  3263.902  消费数 6626.35  四个目标值 -3263.902 18 10.283345723168436 77.84984066066777 7 6 规划路径 37 24 35 46 20 34 25 65 26 40 69 3 45 43 53 41 44 29 规划时间 [8.,18.4,7][0.,8.8,10.8][0.,11.9,16.1][1.,7.5,14.0][1.,16.4,20.4][2.,7.79,13.5][2.,15.2,17.4][2.,17.7,19.9][3.,7.09,14.5][3.,16.7,21.9][4.,9.59,14.5][5.,8.5,10.8][5.,11.5,17.4][6.,7.09,12.5][6.,14.4,18.9][7.,8.0,9.19][7.,9.80,12.0][7.,13.5,18.3][8.,8.5,15.6]
68  3641.332999999999  消费数 7322.87  四个目标值 -3641.332999999999 18 10.382012635273723 77.18070260306902 5 7 规划路径 25 44 67 3 63 26 34 33 53 40 27 45 68 39 29 65 69 20 规划时间 [9.,15.3,7][0.,9.4,13.7][0.,15.8,21.9][1.,10.2,16.1][1.,16.7,21.7][2.,7.89,12.0][2.,14.2,21.4][3.,7.59,9.09][3.,10.0,15.2][4.,8.0,12.9][4.,13.2,15.2][5.,8.0,12.3][5.,16.5,17.5][6.,7.40,11.3][6.,14.0,17.0][7.,8.5,11.0][7.,12.9,17.4][8.,8.5,15.8][9.,9.0,13.3]
69  3105.9350000000004  消费数 6880.35  四个目标值 -3105.9350000000004 18 10.872496753952698 77.97148135973339 6 4 规划路径 42 35 29 26 69 44 24 53 65 62 55 33 25 45 67 68 1 43 规划时间 [8.,21.3,7][0.,8.0,15.0][0.,15.9,17.4][1.,8.5,15.3][1.,16.1,21.6][2.,8.29,10.7][2.,14.3,17.0][2.,19.2,21.0][3.,7.90,12.4][3.,15.2,21.7][4.,9.5,14.5][5.,8.5,13.9][5.,16.0,21.1][6.,7.0,10.3][6.,13.6,17.0][7.,8.5,14.0][7.,14.3,16.8][8.,8.5,15.0][8.,18.0,20.3]
70  2868.8599999999997  消费数 6748.56  四个目标值 -2868.8599999999997 18 10.95494169812833 70.62884673622501 5 6 规划路径 44 40 62 69 6 35 53 20 46 17 26 25 34 65 54 24 67 1 规划时间 [7.,19.1,7][0.,7.8,13.8][0.,14.5,19.2][1.,7.10,14.6][1.,15.6,16.7][2.,8.5,14.7][3.,7.5,9.59][3.,10.4,12.4][3.,13.7,16.2][3.,18.7,19.7][4.,7.20,11.7][4.,14.7,16.7][4.,17.5,21.9][5.,7.20,15.0][5.,17.5,19.5][6.,10.0,15.8][6.,17.6,20.5][7.,7.30,13.1][7.,13.9,16.3]
71  3032.1830000000004  消费数 7051.9  四个目标值 -3032.1830000000004 18 10.590334080625775 77.11334016390163 6 5 规划路径 3 62 65 61 55 1 35 29 26 43 40 30 53 67 69 24 25 6 规划时间 [9.,20.5,7][0.,10.0,11.7][0.,12.9,14.9][0.,15.0,16.4][1.,8.5,10.7][1.,12.2,14.3][2.,8.5,15.7][3.,7.5,12.7][3.,14.7,16.0][3.,16.7,21.2][4.,8.79,16.2][4.,17.0,18.5][5.,9.0,14.6][6.,8.0,14.9][7.,8.5,16.3][8.,8.5,13.8][8.,15.9,21.4][9.,7.0,15.0][9.,16.5,17.5]
72  3335.8809999999994  消费数 7129.04  四个目标值 -3335.8809999999994 18 10.45458183210488 72.91372658316325 6 6 规划路径 37 55 29 25 53 45 24 67 49 20 26 6 3 65 1 69 34 33 规划时间 [9.,19.8,7][0.,8.8,12.0][0.,13.8,17.0][1.,8.5,11.1][1.,12.0,14.7][2.,8.0,15.5][3.,8.5,12.9][3.,16.2,17.9][4.,8.5,15.4][5.,8.0,12.9][6.,9.0,14.8][6.,17.6,21.3][7.,7.40,11.9][7.,12.0,13.5][7.,14.5,20.3][8.,8.5,13.1][8.,14.0,15.9][9.,8.5,15.5][9.,16.4,17.5]
73  3729.268  消费数 8221.73  四个目标值 -3729.268 19 10.547817324011762 82.25474369904828 5 5 规划路径 73 68 44 24 43 35 33 16 69 23 6 67 25 41 42 63 61 49 53 规划时间 [10,12.5,7][0.,11.5,15.6][0.,18.2,19.3][1.,7.60,12.1][1.,14.2,17.7][1.,19.6,21.7][2.,7.5,15.3][2.,16.0,19.4][3.,9.0,16.5][4.,8.5,11.5][4.,13.0,15.7][5.,8.5,13.0][5.,13.8,16.8][5.,18.6,21.5][6.,8.19,12.0][6.,12.5,20.0][7.,8.30,12.3][8.,8.5,15.3][9.,8.0,14.5][10,8.0,11.4]
74  3633.579  消费数 7062.58  四个目标值 -3633.579 18 10.18494255665559 80.22759692266051 7 6 规划路径 79 1 40 67 3 33 44 25 29 20 53 65 24 15 41 26 61 46 规划时间 [8.,18.1,7][0.,9.4,17.1][1.,8.5,15.8][1.,18.6,20.2][2.,8.20,10.2][2.,10.8,17.0][2.,19.0,21.2][3.,8.0,15.5][3.,17.5,20.5][4.,8.5,15.5][5.,9.0,12.5][5.,13.9,16.0][5.,18.9,20.6][6.,7.90,12.3][6.,14.4,21.4][7.,7.30,14.0][7.,16.5,21.9][8.,10.6,13.4][8.,14.6,16.5]
75  3840.7380000000003  消费数 7754.74  四个目标值 -3840.7380000000003 18 10.577533350673152 77.56097890015732 5 7 规划路径 37 26 35 34 69 20 3 65 67 49 1 25 44 53 6 29 33 63 规划时间 [9.,19.1,7][0.,8.8,16.2][0.,18.0,20.5][1.,7.39,12.2][1.,13.2,16.7][2.,8.5,14.7][3.,9.0,15.2][3.,18.5,19.9][4.,9.5,13.0][4.,13.7,15.0][5.,8.0,12.0][6.,8.5,15.4][6.,17.0,20.1][7.,7.30,14.9][7.,15.5,16.6][8.,8.5,13.3][8.,14.3,15.9][8.,17.3,21.8][9.,9.40,16.1]
76  4357.682999999999  消费数 8882.88  四个目标值 -4357.682999999999 18 10.715139867458817 75.27871470186655 7 4 规划路径 67 24 3 43 26 69 40 78 49 53 79 30 33 6 35 20 62 41 规划时间 [10,11.9,7][0.,10.2,14.1][0.,15.9,20.4][1.,8.5,15.7][1.,18.7,21.1][2.,8.70,15.8][3.,8.5,12.7][3.,16.0,17.2][3.,20.5,21.9][4.,10.2,15.7][5.,8.0,13.9][6.,8.5,11.0][6.,14.9,20.5][7.,7.0,14.9][8.,8.5,14.5][9.,7.5,10.8][9.,11.8,13.8][9.,17.6,18.8][10,7.19,10.5]
77  3436.456  消费数 7221.99  四个目标值 -3436.456 18 10.843821855519394 61.03271890146666 6 5 规划路径 53 49 37 3 62 26 44 69 1 20 43 24 35 40 29 33 34 67 规划时间 [7.,20.5,7][0.,8.1,12.2][0.,14.8,16.5][1.,7.5,12.6][1.,15.0,16.7][1.,18.0,21.0][2.,8.20,12.2][2.,15.2,18.2][3.,8.5,12.4][3.,13.2,15.7][4.,9.0,11.9][4.,13.0,17.5][4.,19.4,21.4][5.,7.5,10.1][5.,11.0,14.0][6.,8.5,14.5][6.,16.0,19.9][7.,8.5,11.1][7.,13.4,17.3]
78  2005.242  消费数 5597.85  四个目标值 -2005.242 17 10.447370379138455 71.38268683320615 6 2 规划路径 45 43 55 53 63 62 3 1 67 30 33 6 26 24 25 40 36 规划时间 [7.,18.6,7][0.,8.8,10.8][0.,12.7,17.5][1.,8.5,16.4][2.,8.0,14.8][3.,9.0,12.5][3.,12.5,13.7][3.,14.9,19.9][4.,8.5,11.5][4.,12.2,13.7][4.,16.0,18.0][4.,18.7,21.5][5.,8.59,16.1][5.,17.3,19.3][5.,20.1,21.9][6.,7.0,14.5][6.,16.4,20.5][7.,9.0,16.9]
79  2676.6849999999995  消费数 6607.73  四个目标值 -2676.6849999999995 17 10.547978120145224 67.40746621482089 6 3 规划路径 40 43 33 35 69 30 20 53 6 3 68 26 1 62 37 54 65 规划时间 [8.,8.80,7][0.,7.9,14.0][0.,14.8,18.2][0.,19.5,20.8][1.,7.5,13.7][2.,8.5,11.6][2.,14.1,17.0][3.,9.0,13.4][3.,14.7,16.0][4.,8.5,15.2][4.,15.2,21.5][5.,7.20,12.4][5.,13.9,15.4][6.,8.5,14.5][6.,15.6,20.0][7.,8.19,13.8][7.,15.8,16.9][7.,19.1,20.8]
