0  四个目标值 -10072.503 42 23.89400861514053 166.5059996646445 7 
1  四个目标值 -7483.867 41 25.845355266685058 148.9824921986768 6 
2  四个目标值 -8073.696000000001 39 22.895498549668797 184.17208552539893 15 
3  四个目标值 -7729.090999999999 40 23.53532669609741 196.00137946266756 12 
4  四个目标值 -9683.262 40 24.508081056079956 132.03617167765663 12 
5  四个目标值 -4045.627999999999 39 21.945065891154474 147.04214042201343 10 
6  四个目标值 -9901.045000000002 41 23.74663324722309 159.81672788451266 13 
7  四个目标值 -4408.029999999998 41 22.855181446915477 149.25834934074277 10 
8  四个目标值 -4179.710999999998 40 22.455804975813397 171.36041328874887 10 
9  四个目标值 -9250.832999999999 39 24.24468073576445 158.3062560921019 12 
10  四个目标值 -9602.309 41 23.030153640496447 191.81868823932035 8 
11  四个目标值 -8860.651 40 24.447997387785364 188.01168258539423 10 
12  四个目标值 -8068.488 40 24.255004417347838 177.58470713934975 6 
13  四个目标值 -7344.587 40 22.34528108356626 188.96546589508324 9 
14  四个目标值 -6548.703 39 23.40720499170706 182.84608202299682 11 
15  四个目标值 -9380.441 40 22.76015818757398 185.38302757714604 13 
16  四个目标值 -6590.469999999999 38 24.37019085432785 130.4925187500559 7 
17  四个目标值 -6956.164 39 24.539667850929522 134.46344817631692 8 
18  四个目标值 -4086.356999999999 38 22.1605709561748 130.57593769973838 10 
19  四个目标值 -7899.243 39 22.609166528332292 186.04477454825218 14 
20  四个目标值 -7174.079000000001 40 22.245649505561403 132.00203200548174 15 
21  四个目标值 -7786.646999999998 40 24.922139645795408 136.73978432173558 9 
22  四个目标值 -6496.048000000001 39 23.2759428504032 136.05781944391782 13 
23  四个目标值 -6749.476000000001 39 24.556446615465003 183.46986113126295 7 
24  四个目标值 -8290.187999999998 40 25.441687662489056 131.24772735941445 7 
25  四个目标值 -4594.736999999999 39 22.636279897512345 128.2140555529808 11 
26  四个目标值 -3757.3819999999987 38 22.07197549380831 153.7148380120405 10 
27  四个目标值 -8383.187999999998 41 25.003380741639727 162.3814973709994 6 
28  四个目标值 -7578.380999999999 39 23.583748424934615 179.5308188364661 13 
29  四个目标值 -5724.527000000002 39 23.08538734629767 157.86160373331558 13 
30  四个目标值 -6422.905 38 21.875111689750998 159.10836597416784 14 
31  四个目标值 -9141.537000000002 40 22.76085162562973 175.70420166997235 15 
32  四个目标值 -6352.980000000002 40 23.925352131369053 181.01278756773877 10 
33  四个目标值 -5925.032 39 23.250866195144948 144.30124318957786 12 
34  四个目标值 -6737.682 39 24.66974795834575 142.32368570690824 7 
35  四个目标值 -8133.9490000000005 39 24.07010025510277 164.83540001437058 9 
36  四个目标值 -7699.107 39 24.165506340504546 140.39328401007526 10 
37  四个目标值 -7320.655 39 23.773731274331023 194.01351587675487 12 
38  四个目标值 -5041.206000000001 40 23.70221750171177 173.5518138404429 9 
39  四个目标值 -8982.559 39 24.722996577064414 145.44249034075514 9 
40  四个目标值 -6171.841 39 23.21637536918223 150.35384298290398 11 
41  四个目标值 -6237.64 40 23.209475561020508 152.18291848747924 11 
42  四个目标值 -9357.635999999999 41 23.639452579890357 190.33136815774603 12 
43  四个目标值 -8296.708 39 23.79973287521217 174.33724060512685 11 
44  四个目标值 -9748.468 41 23.543264178100692 170.51501016554963 14 
45  四个目标值 -5248.880000000001 39 23.45626606189062 132.68965096806738 10 
46  四个目标值 -6871.765 40 25.18048704300467 141.32142388369545 7 
47  四个目标值 -8040.6810000000005 41 25.38150152584585 137.0635849206946 7 
48  四个目标值 -7913.326 40 25.25085803996422 139.50538830697707 7 
49  四个目标值 -5088.203 38 22.726673031922317 152.21029310912263 11 
50  四个目标值 -5289.081 38 22.51264671700908 137.93390326419052 12 
51  四个目标值 -8584.507 40 25.194348898145638 165.0701166005689 7 
52  四个目标值 -4308.584999999999 38 22.525668677360926 130.58759878838129 10 
53  四个目标值 -8808.846 40 23.64222328907861 136.57418855396827 13 
54  四个目标值 -4673.736 40 22.69269959244873 168.21286430655124 11 
55  四个目标值 -5527.174 40 23.37306445766719 130.35156696699784 11 
56  四个目标值 -7523.794000000001 40 22.251714226314757 186.19947361044765 10 
57  四个目标值 -9525.965999999999 41 25.396400942273655 147.74527046882648 10 
58  四个目标值 -6073.284000000001 39 23.998763704928557 149.177896913489 9 
59  四个目标值 -7064.595 40 24.75012240953171 167.7973949455486 8 
60  四个目标值 -7373.3020000000015 39 22.385735502683307 156.98796009209545 14 
61  四个目标值 -8216.307 41 22.86941603373576 172.09958159592742 9 
62  四个目标值 -6759.509 40 25.08904791460899 135.08008125347254 7 
63  四个目标值 -9117.061000000002 40 25.026983118694858 165.49110637950702 10 
64  四个目标值 -7246.058999999998 39 23.98672868796047 160.99890525276967 10 
65  四个目标值 -4939.535 39 23.283104771580923 155.70522587577634 7 
66  四个目标值 -5400.7620000000015 39 22.42902055830957 132.6521817307638 12 
67  四个目标值 -7139.401000000001 40 24.844332818407448 158.57747440553584 8 
68  四个目标值 -5500.4180000000015 39 23.34628950268799 148.1548547965111 11 
69  四个目标值 -4565.496 39 22.96657018101419 155.21306450932127 9 
70  四个目标值 -8505.181999999999 40 24.581871244559153 159.7559527433129 11 
71  四个目标值 -4806.3060000000005 39 22.864443787757605 135.70288916482752 11 
72  四个目标值 -8455.461999999998 40 25.07389709469889 154.8285348153513 7 
73  四个目标值 -5640.667 38 23.067728237893252 160.48104730000847 10 
74  四个目标值 -7110.102 40 24.09415230074341 143.2412739294491 10 
75  四个目标值 -4478.573 38 22.473714497590795 143.06988818639175 11 
76  四个目标值 -6879.284000000001 40 24.939855381515063 144.5680016388967 7 
77  四个目标值 -4921.147000000001 38 23.06553677172381 133.5072743750173 10 
78  四个目标值 -7005.318 39 24.333593733748526 136.79717714371648 8 
79  四个目标值 -7943.375 39 24.545004355813507 145.89026886446328 9 
