0  四个目标值 -5235.808 27 17.144056573464578 92.81571176899847 8 
1  四个目标值 -5211.269999999999 28 16.157934782622984 92.89483104854926 12 
2  四个目标值 -4506.739 26 14.091963788591963 126.57106037446013 15 
3  四个目标值 -3510.3189999999995 24 13.73136876765538 132.4374775994338 11 
4  四个目标值 -1896.5400000000002 23 12.156659050015861 83.87780828554565 9 
5  四个目标值 -2170.357 22 11.734456000195305 100.67497318520155 10 
6  四个目标值 -4762.811000000001 24 14.367441099968833 116.31494811776817 13 
7  四个目标值 -2542.582 25 13.368643919011028 130.9621313140434 9 
8  四个目标值 -5083.4439999999995 26 14.285377027354777 120.01691250164924 14 
9  四个目标值 -3602.961 24 14.74003989027452 120.72835009237878 8 
10  四个目标值 -3951.868 24 13.260449302295903 81.46357770666363 14 
11  四个目标值 -5151.182000000001 25 14.914006536493005 112.44730527794968 13 
12  四个目标值 -2866.869 27 14.128168282865635 113.00043479615995 9 
13  四个目标值 -3082.004 24 13.165897194115503 78.82806780488077 13 
14  四个目标值 -4046.491 24 12.938175958098244 86.23785756083662 15 
15  四个目标值 -3216.1909999999993 25 13.877189426100417 127.03458278312459 10 
16  四个目标值 -2167.1780000000003 26 13.452140577481675 88.04807312171923 9 
17  四个目标值 -4210.191999999999 26 14.81546966069107 129.57017391497942 12 
18  四个目标值 -2007.683 23 12.416202735264697 77.36658856143174 9 
19  四个目标值 -4418.482 25 15.106873543803204 82.20966349936306 12 
20  四个目标值 -2038.3090000000002 24 12.577384458609181 101.1805466124112 9 
21  四个目标值 -3996.1209999999996 23 12.673293913601267 107.14951044802905 14 
22  四个目标值 -3970.6849999999995 26 13.99604716710825 129.27509888481717 13 
23  四个目标值 -4543.518 25 13.494819852000104 126.83577434395741 14 
24  四个目标值 -3455.1780000000003 26 13.67395391684563 79.77260684773468 10 
25  四个目标值 -4695.25 27 16.745704907427168 105.18399625537732 9 
26  四个目标值 -3797.311 26 14.605334990298173 123.40185922494881 12 
27  四个目标值 -5024.092000000001 25 15.535450552959967 94.60949622752213 11 
28  四个目标值 -4307.099 25 15.886806792000737 87.30673520985559 10 
29  四个目标值 -4247.018999999999 26 15.687277493120854 121.79846294136895 10 
30  四个目标值 -2399.4290000000005 26 13.549362959970292 98.91546667152855 9 
31  四个目标值 -4132.199 25 14.95654149382763 128.59673295373273 11 
32  四个目标值 -4910.409999999999 27 15.455480079326652 111.54890412135668 12 
33  四个目标值 -4388.347 26 16.065429866113117 117.44399396338811 8 
34  四个目标值 -4020.8159999999993 25 15.736474742025164 124.99832958327374 9 
35  四个目标值 -4810.4529999999995 26 14.622713032013568 106.11751519552227 13 
36  四个目标值 -2114.217 24 12.98869984485711 104.78647927499006 9 
37  四个目标值 -2901.4719999999998 23 12.660036919990066 90.41448919863394 12 
38  四个目标值 -4665.927 26 16.306625709466154 97.09398632945145 10 
39  四个目标值 -2338.9919999999997 24 12.783954243943594 84.58187458115691 10 
40  四个目标值 -4355.525999999999 26 15.985845671115202 113.79920425916363 9 
41  四个目标值 -4652.954 27 15.330545555434554 118.27333653262197 11 
42  四个目标值 -2623.313 25 13.25380443425064 106.53222717329645 10 
43  四个目标值 -2174.666 24 12.46096237386664 93.72434921490435 10 
44  四个目标值 -1934.5810000000001 23 12.304958204284706 104.44146497271217 9 
45  四个目标值 -4596.757 26 14.465150535327838 115.16008146695444 13 
46  四个目标值 -2496.04 22 12.09620593531705 79.7944213697462 11 
47  四个目标值 -3280.3969999999995 25 13.677686576585595 89.01789553041023 12 
48  四个目标值 -3733.619 26 15.001212074421055 111.17873858610005 12 
49  四个目标值 -2061.4010000000003 24 13.346824014247613 102.93526217893528 8 
50  四个目标值 -3451.7699999999995 24 13.121291048235756 83.5247911509379 13 
51  四个目标值 -3163.111 23 14.159895119927913 96.87793535777385 9 
52  四个目标值 -4863.195 25 14.256398111121984 90.88395338347532 14 
53  四个目标值 -3012.6009999999997 24 13.292499751032983 107.90670193868635 11 
54  四个目标值 -3387.9990000000003 24 13.86745749196811 119.04302653722112 12 
55  四个目标值 -4572.262 26 16.551903806112065 96.88814465030077 9 
56  四个目标值 -3788.3089999999997 25 15.388264450485652 110.30629564362486 9 
57  四个目标值 -4441.718 25 16.223713123763744 109.12502590160085 9 
58  四个目标值 -4180.806999999999 26 15.749122371651557 111.15310863121421 10 
59  四个目标值 -2385.0049999999997 22 12.15884193445046 77.73352261633633 11 
60  四个目标值 -1990.6580000000001 23 12.34196011385568 95.98697119976988 9 
61  四个目标值 -4724.696999999999 27 16.430161854705243 105.12137889493977 10 
62  四个目标值 -4449.556 26 14.424712925037865 85.53725692257174 13 
63  四个目标值 -5048.8330000000005 27 16.49025376751075 114.33738659171775 9 
64  四个目标值 -3314.6569999999997 24 14.795689894434489 80.17227092868404 10 
65  四个目标值 -5140.647 27 15.146190018381525 104.08253251645456 13 
66  四个目标值 -2234.9420000000005 24 12.707238997726467 87.48191729217996 10 
67  四个目标值 -3379.35 24 13.79760870486247 96.45148908516332 12 
68  四个目标值 -4081.4730000000004 24 12.545786874689608 114.01629404819309 14 
69  四个目标值 -2753.8570000000004 26 13.581995116598957 110.39430984550208 10 
70  四个目标值 -4412.609999999999 25 14.495328521968936 112.01995530517476 13 
71  四个目标值 -3487.8299999999995 23 12.796586051746512 110.5224599397559 13 
72  四个目标值 -3476.3819999999996 25 15.245159613529545 108.81726990679282 9 
73  四个目标值 -2949.963 24 13.218727584159671 103.49148716669518 12 
74  四个目标值 -2259.6360000000004 24 12.68755937433476 98.29538711069449 10 
75  四个目标值 -2268.885 25 13.221172277621974 91.96938312924274 9 
76  四个目标值 -3336.7909999999997 25 15.24682088828468 95.33131474810382 11 
77  四个目标值 -2962.2769999999996 23 13.9436792675278 82.94489155396687 10 
78  四个目标值 -2801.318 24 13.231881377738095 88.66731605704288 11 
79  四个目标值 -4248.547 25 13.913286059303184 92.54718538710944 14 
