0  四个目标值 -4710.418 30 17.834744883434634 106.02553439740001 7 6 
1  四个目标值 -8413.839 31 15.638070705153652 94.48190161697303 7 7 
2  四个目标值 -6234.72 27 12.638924938109607 119.65146469447751 15 7 
3  四个目标值 -6034.546000000001 28 12.859175338623418 110.43434852986759 11 14 
4  四个目标值 -3614.9199999999996 29 16.040541978163624 130.92458036587033 9 6 
5  四个目标值 -2170.626 24 12.918323559747744 105.44846559179865 7 6 
6  四个目标值 -7168.176 26 11.915663744978112 102.85135482915008 15 10 
7  四个目标值 -4207.125 29 17.141327726494456 122.67386329215698 6 6 
8  四个目标值 -7814.844 29 14.69034973899074 106.5376686116917 14 8 
9  四个目标值 -5393.703000000001 26 12.008486867079496 84.3124049269089 9 14 
10  四个目标值 -3119.604 28 15.41932221716718 104.60714004652957 9 6 
11  四个目标值 -5913.571 25 12.434139137976977 79.15683777073205 15 6 
12  四个目标值 -7713.731999999999 30 15.65968722594545 106.9965558814743 13 6 
13  四个目标值 -3599.853 25 12.58385965219961 80.95658426707858 8 11 
14  四个目标值 -2750.4839999999995 27 14.97871720291835 98.89143240421703 8 6 
15  四个目标值 -3306.0969999999993 29 15.83575276289619 101.82843194543818 9 6 
16  四个目标值 -6534.715 25 11.785248529271666 95.76090161474526 15 8 
17  四个目标值 -2369.736 26 13.73750541663561 87.29699765168722 8 6 
18  四个目标值 -2357.88 25 13.22202079657146 112.84970011331724 8 6 
19  四个目标值 -3663.929 30 16.60501483510804 93.52627164903956 9 6 
20  四个目标值 -3259.9789999999994 27 15.239074392146081 128.34925038697338 7 6 
21  四个目标值 -5128.662 25 11.384342380810272 86.40067932329515 11 11 
22  四个目标值 -5638.073999999999 27 14.724405168708001 122.14855436555594 13 5 
23  四个目标值 -6896.664 29 15.422670569899882 115.77493260118347 15 5 
24  四个目标值 -7145.973 27 12.959161517756197 98.3621164268048 15 9 
25  四个目标值 -5389.66 27 13.8247321200109 126.75414321628378 11 8 
26  四个目标值 -4177.4490000000005 29 15.516790579990069 129.2936967585485 8 8 
27  四个目标值 -6637.744 26 12.34964351744895 113.6063290484459 15 8 
28  四个目标值 -7435.468999999999 28 13.79576802457083 98.0045996179611 14 9 
29  四个目标值 -5471.265000000001 26 12.126922171801649 93.27885066475503 10 13 
30  四个目标值 -3937.7840000000006 25 12.65621370890141 80.76695238505076 7 10 
31  四个目标值 -5684.606 28 15.932096615316379 104.75059956906615 6 8 
32  四个目标值 -6022.691 28 13.125507298138166 115.31809488047216 13 11 
33  四个目标值 -4686.299999999999 28 15.60076258785585 120.77154722526845 12 6 
34  四个目标值 -4552.554999999999 29 16.10047457581565 128.91505920649576 10 7 
35  四个目标值 -2609.0379999999996 25 14.11996852513238 91.35434398950656 7 5 
36  四个目标值 -6864.7570000000005 26 12.121292213494236 110.07162573885998 15 9 
37  四个目标值 -5830.561 27 12.884485746363206 94.8349728266277 6 12 
38  四个目标值 -6260.2029999999995 27 14.640100404805622 120.1538798680809 14 5 
39  四个目标值 -4633.593000000001 26 13.745991627019047 92.13246905231546 6 10 
40  四个目标值 -6499.939 27 13.749651381140517 118.94420321422433 15 6 
41  四个目标值 -6270.508000000002 29 13.517532466606308 100.89354087509102 12 13 
42  四个目标值 -5377.119 27 12.606260990236526 91.1900259371582 8 13 
43  四个目标值 -3790.9530000000004 25 12.62895068791563 83.62587561654684 8 9 
44  四个目标值 -6014.085 27 12.605612399827582 98.07578597340952 12 12 
45  四个目标值 -5096.629999999998 30 17.404910336425655 117.71898142989097 7 7 
46  四个目标值 -5034.394999999999 30 17.606115254895006 103.9310378422842 8 6 
47  四个目标值 -3940.5389999999998 30 16.997641754205922 125.80752364910485 8 6 
48  四个目标值 -7420.749 28 13.914203329292981 108.86709451428632 15 8 
49  四个目标值 -3577.1259999999993 28 16.375530010639125 94.30268867025994 8 5 
50  四个目标值 -4835.102 26 12.244776670034417 81.64455678521487 7 12 
51  四个目标值 -4932.230999999999 29 16.843946215102605 114.35774685613201 7 7 
52  四个目标值 -4546.019 29 17.273780762111585 111.66263746334505 7 6 
53  四个目标值 -7461.963 29 14.514436238439583 98.73237156293425 15 9 
54  四个目标值 -6738.056999999999 27 14.27033765013136 101.66115677193874 14 6 
55  四个目标值 -7174.845999999999 29 14.993821787611111 111.60758298391647 12 8 
56  四个目标值 -3652.9210000000003 27 14.43281146947053 88.00422920114386 9 7 
57  四个目标值 -4372.126999999999 27 14.59397813828987 124.6192721802507 11 7 
58  四个目标值 -2649.0499999999997 26 14.117833143844406 103.50870424794093 7 7 
59  四个目标值 -5342.760000000001 24 11.591005705977373 106.94935818515275 10 9 
60  四个目标值 -4271.146 26 13.628154714533087 100.36417543320454 10 8 
61  四个目标值 -4066.4260000000004 25 12.319576945086427 99.45927499666783 11 9 
62  四个目标值 -4436.467 29 16.005323455254505 121.19230863612592 10 7 
63  四个目标值 -4108.28 29 16.778576234974544 94.91308905517565 9 6 
64  四个目标值 -6447.950000000001 25 11.854069581590174 89.21352285763285 14 8 
65  四个目标值 -7054.071 27 13.321848031356879 104.85564163368967 13 9 
66  四个目标值 -3776.1399999999994 29 16.436677632882873 118.43364359418538 8 6 
67  四个目标值 -6121.193999999998 28 15.28032333801061 93.34345818542707 13 5 
68  四个目标值 -5230.639999999999 28 15.110388066016968 88.92667152325846 7 10 
69  四个目标值 -6312.789000000001 27 12.968437262570529 84.17799343400986 15 7 
70  四个目标值 -3706.264 27 14.632821758755204 123.85460175510826 8 8 
71  四个目标值 -3797.4679999999994 29 16.564942098316262 96.39208564296774 8 6 
72  四个目标值 -4581.3859999999995 29 15.523303690835132 108.49483297668283 8 8 
73  四个目标值 -5914.878999999999 25 12.484791522923594 83.14278517563928 15 6 
74  四个目标值 -3878.6079999999997 26 13.432251241946842 97.14063085319663 9 8 
75  四个目标值 -6260.315999999999 28 14.926705676902493 91.97935291195606 14 6 
76  四个目标值 -3909.856999999999 27 15.780302915382887 95.62031483052239 6 7 
77  四个目标值 -7021.9980000000005 26 12.477056150201522 102.13125430135804 14 8 
78  四个目标值 -2744.0829999999996 26 14.139732451526331 96.85247302367213 8 6 
79  四个目标值 -5549.945999999999 25 12.543367171369297 87.05995045434389 14 6 
