0  5235.808  消费数 11775.76  四个目标值 -5235.808 27 17.144056573464578 92.81571176899847 8 规划路径 49 40 53 45 46 47 26 35 33 31 54 3 68 75 41 37 24 62 4 1 73 76 36 52 22 61 63 规划时间 [11,17.8,7][0.,8.8,12.9][0.,15.2,17.9][1.,8.0,12.0][1.,14.2,17.2][1.,17.2,20.5][1.,20.6,21.9][2.,11.1,16.2][3.,7.5,13.0][3.,13.5,18.7][4.,8.0,11.7][4.,13.9,15.5][4.,17.9,21.0][5.,7.0,12.0][5.,15.0,17.0][5.,21.0,22.0][6.,7.80,14.0][6.,15.1,20.4][7.,7.69,11.8][7.,13.0,15.1][7.,15.6,17.0][7.,20.0,22.0][8.,9.30,15.4][9.,9.0,10.5][9.,13.6,17.1][10,9.0,12.1][10,15.0,16.1][11,9.0,14.8]
1  5211.269999999999  消费数 11680.0  四个目标值 -5211.269999999999 28 16.157934782622984 92.89483104854926 12 规划路径 60 40 53 38 46 19 26 35 33 31 54 3 27 43 41 37 24 62 4 1 73 76 36 52 22 61 63 14 规划时间 [11,8.5,7][0.,7.7,13.3][0.,14.5,21.4][1.,8.0,10.1][1.,10.8,15.0][1.,17.4,21.7][2.,9.10,13.8][2.,16.7,20.9][3.,7.79,14.9][3.,15.5,21.9][4.,7.20,10.5][4.,12.7,14.0][4.,16.2,18.5][5.,8.0,13.9][5.,16.5,18.9][5.,19.5,20.8][6.,7.5,9.69][6.,10.8,12.0][6.,14.4,15.5][6.,16.8,17.9][7.,8.5,14.4][7.,17.5,19.0][8.,7.0,10.0][8.,14.9,16.5][8.,19.5,20.9][9.,9.80,12.4][9.,15.3,16.4][10,9.0,16.1][10,20.3,21.3]
2  4506.739  消费数 11138.5  四个目标值 -4506.739 26 14.091963788591963 126.57106037446013 15 规划路径 60 46 53 38 20 19 26 12 33 31 78 3 27 43 41 37 24 62 65 67 73 76 36 52 54 61 规划时间 [13,16.3,7][0.,7.7,11.7][0.,13.0,17.5][1.,8.0,11.8][1.,12.7,15.3][2.,9.0,15.1][2.,15.1,16.2][2.,19.2,21.4][3.,9.40,14.4][3.,18.2,19.5][4.,8.0,10.5][4.,14.4,21.7][5.,10.4,16.8][6.,8.0,13.5][6.,16.1,21.0][7.,7.0,14.0][7.,14.9,16.8][7.,17.9,21.4][8.,8.69,14.1][8.,14.3,20.8][9.,8.5,13.0][9.,15.5,21.9][10,9.19,17.1][11,7.10,13.1][11,16.1,21.3][12,8.69,16.0][13,8.5,15.6]
3  3510.3189999999995  消费数 9472.85  四个目标值 -3510.3189999999995 24 13.73136876765538 132.4374775994338 11 规划路径 60 40 53 38 17 19 26 35 33 67 28 3 27 43 41 37 24 62 4 1 73 76 36 52 规划时间 [12,20.6,7][0.,7.7,12.6][0.,13.8,21.4][1.,8.0,14.7][1.,15.5,21.7][2.,7.89,14.2][2.,14.3,21.7][3.,9.70,16.2][4.,7.5,13.0][4.,13.7,21.0][5.,8.30,16.1][6.,7.5,11.6][6.,12.6,20.6][7.,8.0,9.30][7.,11.9,17.4][7.,18.0,21.0][8.,7.5,14.0][8.,15.1,20.6][9.,8.0,14.5][9.,15.8,17.3][10,8.5,16.1][10,19.3,21.8][11,9.19,15.8][12,9.0,14.1][12,17.3,19.0]
4  1896.5400000000002  消费数 5868.75  四个目标值 -1896.5400000000002 23 12.156659050015861 83.87780828554565 9 规划路径 60 40 53 38 20 19 17 35 33 31 4 3 5 43 42 37 24 28 2 23 26 34 36 规划时间 [7.,18.5,7][0.,7.7,13.0][0.,14.2,21.8][1.,7.10,8.10][1.,8.89,11.2][1.,12.3,13.7][1.,13.7,19.6][1.,19.7,21.0][2.,7.10,9.70][2.,10.2,15.0][2.,15.2,16.5][3.,7.0,8.5][3.,8.59,14.0][3.,14.0,15.2][3.,18.2,21.0][4.,7.0,8.79][4.,9.70,12.7][4.,13.7,17.2][5.,7.5,13.4][5.,14.5,21.6][6.,7.69,12.0][6.,12.6,19.4][7.,8.5,14.8][7.,15.8,16.8]
5  2170.357  消费数 6483.53  四个目标值 -2170.357 22 11.734456000195305 100.67497318520155 10 规划路径 60 46 53 38 40 19 17 35 33 31 4 3 5 43 42 37 24 28 2 23 26 34 规划时间 [9.,18.5,7][0.,7.7,14.4][0.,15.7,18.4][1.,8.0,11.3][1.,12.2,19.4][1.,20.2,21.9][2.,8.29,11.2][2.,11.3,17.5][3.,7.5,10.5][3.,11.2,14.2][3.,14.5,15.7][4.,7.0,13.7][4.,13.9,21.7][5.,9.0,10.8][5.,13.9,21.1][6.,7.0,14.0][6.,15.0,16.0][6.,17.1,19.8][7.,7.5,14.5][7.,15.6,19.0][8.,9.5,15.4][8.,16.0,20.5][9.,8.5,15.9]
6  4762.811000000001  消费数 10873.92  四个目标值 -4762.811000000001 24 14.367441099968833 116.31494811776817 13 规划路径 49 40 53 45 46 19 26 12 33 67 78 3 68 43 41 37 24 62 65 1 73 76 36 52 规划时间 [12,7.60,7][0.,8.8,14.0][0.,16.3,21.9][1.,7.19,13.6][1.,15.8,16.9][1.,17.0,19.9][2.,7.29,9.39][2.,12.2,18.9][3.,7.0,13.7][3.,17.5,19.7][4.,7.09,12.7][4.,16.0,19.9][5.,8.5,14.0][5.,14.5,19.0][6.,7.30,14.4][6.,15.0,18.5][7.,7.5,12.8][7.,13.9,21.0][8.,8.30,15.9][8.,16.0,21.5][9.,7.69,15.1][9.,18.3,19.3][10,7.0,11.6][11,9.0,14.5][11,17.6,20.8]
7  2542.582  消费数 7440.48  四个目标值 -2542.582 25 13.368643919011028 130.9621313140434 9 规划路径 60 40 53 38 20 19 17 35 33 31 29 3 28 43 41 37 24 25 2 1 26 18 36 57 22 规划时间 [12,19.1,7][0.,7.7,12.4][0.,13.6,21.2][1.,8.0,13.2][1.,14.0,20.4][2.,9.0,13.7][2.,13.7,17.5][2.,17.7,19.7][3.,7.5,14.5][3.,15.2,20.0][4.,8.0,9.29][4.,10.7,14.0][4.,15.0,22.0][5.,8.0,10.8][5.,13.4,18.3][5.,19.0,20.5][6.,7.5,14.8][6.,15.9,21.3][7.,7.0,10.0][7.,11.5,19.3][8.,8.5,12.9][8.,14.0,18.9][9.,9.0,17.0][10,9.0,16.1][11,8.5,16.1][12,9.0,16.8]
8  5083.4439999999995  消费数 11741.77  四个目标值 -5083.4439999999995 26 14.285377027354777 120.01691250164924 14 规划路径 60 46 53 38 20 19 26 12 33 31 78 3 5 75 41 37 24 62 65 67 73 76 36 52 22 61 规划时间 [13,13.1,7][0.,7.7,12.5][0.,13.8,16.3][1.,8.0,15.0][1.,15.7,21.2][2.,7.39,14.3][2.,14.3,18.7][3.,7.0,8.09][3.,11.0,17.4][4.,7.0,11.4][4.,11.7,14.2][4.,18.2,20.9][5.,9.5,12.4][5.,12.5,16.0][6.,7.0,14.0][6.,18.0,19.9][7.,7.5,14.6][7.,15.8,21.0][8.,8.40,11.0][8.,11.0,18.5][9.,8.5,15.5][9.,18.0,19.3][10,7.0,14.9][11,9.0,14.6][11,17.8,19.3][12,8.30,14.6][13,8.5,12.3]
9  3602.961  消费数 9675.29  四个目标值 -3602.961 24 14.74003989027452 120.72835009237878 8 规划路径 55 40 53 45 46 63 17 35 33 31 29 3 26 43 41 37 24 62 4 1 73 76 36 57 规划时间 [13,14.1,7][0.,7.7,12.5][0.,13.4,18.5][1.,8.0,14.8][2.,8.5,11.8][2.,12.0,15.7][3.,9.0,12.5][3.,16.5,20.7][4.,7.5,13.0][4.,13.7,18.7][5.,8.0,15.5][6.,8.5,12.5][6.,13.5,18.4][6.,19.4,20.9][7.,8.5,16.4][7.,17.0,21.9][8.,7.69,12.0][8.,13.1,20.8][9.,8.09,9.40][9.,10.6,16.5][10,8.5,14.8][10,17.8,21.3][11,8.69,14.8][12,9.0,16.6][13,8.5,13.3]
10  3951.868  消费数 9127.63  四个目标值 -3951.868 24 13.260449302295903 81.46357770666363 14 规划路径 60 46 53 38 20 19 26 35 33 31 78 3 27 43 41 37 24 62 65 1 73 76 36 52 规划时间 [10,7.19,7][0.,7.7,10.4][0.,11.7,13.8][1.,8.0,12.8][1.,13.7,15.2][2.,9.0,11.7][2.,11.7,14.2][2.,17.0,20.5][3.,7.5,15.5][3.,16.0,19.0][4.,8.0,9.59][4.,13.5,17.2][4.,20.7,21.7][5.,7.79,11.5][5.,14.1,18.5][5.,19.3,20.4][6.,7.5,10.6][6.,11.8,16.0][6.,18.3,20.8][6.,20.9,22.0][7.,8.19,11.6][7.,14.8,21.9][8.,9.19,14.0][9.,9.0,16.3][9.,19.4,20.5]
11  5151.182000000001  消费数 11442.29  四个目标值 -5151.182000000001 25 14.914006536493005 112.44730527794968 13 规划路径 49 40 53 45 46 19 26 12 33 67 78 3 68 43 41 37 24 62 65 1 73 76 36 52 22 规划时间 [12,15.8,7][0.,8.8,15.1][0.,17.4,20.7][1.,8.0,11.6][1.,13.8,16.4][1.,16.5,21.7][2.,9.10,15.7][2.,18.7,21.0][3.,9.09,14.0][3.,17.7,20.5][4.,7.90,13.4][4.,16.7,21.0][5.,9.69,13.5][5.,14.1,19.6][6.,8.0,14.1][6.,14.9,17.8][7.,7.5,15.5][7.,16.5,19.3][8.,9.5,14.6][8.,14.8,18.0][9.,8.5,14.0][9.,17.0,20.3][10,7.59,13.5][11,9.0,10.1][11,13.1,20.5][12,9.39,13.6]
12  2866.869  消费数 8227.68  四个目标值 -2866.869 27 14.128168282865635 113.00043479615995 9 规划路径 60 40 53 38 20 19 17 35 33 31 4 3 5 43 42 37 24 28 2 23 26 18 36 25 22 61 63 规划时间 [12,19.5,7][0.,7.7,15.6][0.,16.8,19.5][1.,8.0,15.5][1.,16.2,17.6][2.,9.0,15.7][2.,15.7,21.2][3.,9.0,16.9][4.,7.5,11.9][4.,12.5,19.7][5.,8.0,9.40][5.,11.4,14.6][5.,14.8,16.3][6.,9.0,12.6][6.,15.8,18.6][6.,18.9,21.8][7.,7.69,12.4][7.,13.5,20.8][8.,7.5,15.1][8.,16.3,18.0][8.,19.0,21.0][9.,7.0,8.80][9.,11.6,15.5][10,9.0,13.8][10,14.9,18.6][11,9.0,13.3][12,8.5,10.6][12,14.5,16.5]
13  3082.004  消费数 8244.46  四个目标值 -3082.004 24 13.165897194115503 78.82806780488077 13 规划路径 60 46 53 38 20 19 17 35 33 32 29 3 26 43 41 37 24 62 65 67 73 76 36 52 规划时间 [8.,8.5,7][0.,7.7,13.9][0.,15.2,21.1][1.,8.29,13.1][1.,13.8,19.2][2.,9.0,14.6][2.,14.6,21.4][3.,9.0,10.5][3.,11.7,16.2][3.,16.7,20.0][4.,7.5,14.7][4.,16.2,17.4][4.,18.2,21.0][5.,7.0,9.0][5.,11.5,12.9][5.,13.5,15.1][5.,16.0,17.0][5.,18.1,21.6][6.,9.0,10.9][6.,11.0,15.8][6.,16.4,17.5][6.,20.0,21.1][7.,8.5,10.1][7.,15.0,16.9][7.,20.0,21.8]
14  4046.491  消费数 9453.25  四个目标值 -4046.491 24 12.938175958098244 86.23785756083662 15 规划路径 60 46 53 38 20 19 26 12 33 31 78 3 68 43 41 37 24 62 65 67 73 76 59 52 规划时间 [10,7.80,7][0.,7.7,10.9][0.,12.2,17.8][1.,8.0,12.5][1.,13.2,17.7][2.,9.0,13.0][2.,13.0,21.0][3.,8.90,11.0][3.,14.0,15.0][3.,18.9,21.0][4.,8.0,11.0][4.,14.9,17.7][5.,8.5,10.1][5.,10.8,13.1][5.,16.5,18.0][5.,18.8,20.4][6.,7.5,10.5][6.,11.6,18.5][6.,20.8,21.8][7.,9.5,15.6][7.,16.3,17.5][7.,20.0,21.6][8.,9.0,15.5][9.,8.0,13.8][9.,15.4,21.0]
15  3216.1909999999993  消费数 9149.65  四个目标值 -3216.1909999999993 25 13.877189426100417 127.03458278312459 10 规划路径 60 40 53 38 20 19 17 35 33 32 29 3 26 43 41 37 24 62 4 1 73 76 36 57 22 规划时间 [13,18.8,7][0.,7.7,11.1][0.,12.3,19.2][1.,8.0,13.5][1.,14.2,20.4][2.,9.0,15.7][2.,15.7,21.2][3.,9.0,13.5][3.,14.7,16.0][3.,16.5,20.7][4.,7.5,15.2][5.,8.5,13.5][5.,14.5,18.6][5.,19.6,21.1][6.,8.80,12.0][6.,12.6,18.8][7.,7.5,12.8][7.,13.9,21.0][8.,8.30,14.8][8.,16.0,17.6][9.,8.5,10.0][9.,13.0,20.9][10,8.19,13.6][11,9.0,16.1][12,8.5,13.3][13,9.0,16.6]
16  2167.1780000000003  消费数 6462.99  四个目标值 -2167.1780000000003 26 13.452140577481675 88.04807312171923 9 规划路径 60 40 53 38 20 19 17 35 33 31 4 3 5 43 42 37 24 28 2 23 26 34 36 25 22 61 规划时间 [8.,16.0,7][0.,7.7,9.0][0.,10.2,14.3][0.,14.6,16.4][0.,17.2,21.9][1.,8.0,11.7][1.,11.7,16.5][1.,16.6,19.4][2.,7.5,12.2][2.,12.7,14.5][2.,14.7,15.8][3.,7.0,10.4][3.,10.5,13.5][3.,13.5,16.9][3.,20.0,21.5][4.,7.0,13.2][4.,14.0,16.2][4.,17.4,21.5][5.,7.40,11.5][5.,12.6,17.5][5.,18.5,20.9][6.,7.0,9.80][6.,11.0,15.5][7.,9.0,13.5][7.,14.6,21.5][8.,9.0,11.0][8.,14.0,15.4]
17  4210.191999999999  消费数 10830.52  四个目标值 -4210.191999999999 26 14.81546966069107 129.57017391497942 12 规划路径 60 46 53 38 20 19 26 35 33 31 4 3 5 75 41 37 24 62 65 67 73 76 36 52 22 61 规划时间 [13,17.3,7][0.,7.7,13.2][0.,14.5,20.6][1.,7.80,15.7][1.,16.6,20.1][2.,9.0,16.0][2.,16.0,21.2][3.,9.09,15.9][4.,7.5,12.9][4.,13.5,16.7][5.,8.0,9.19][5.,11.1,16.5][5.,16.5,20.5][6.,9.0,16.5][7.,7.0,10.5][7.,14.5,21.0][8.,7.5,13.1][8.,14.3,20.8][9.,8.09,15.1][9.,15.3,18.0][10,8.5,14.5][10,17.1,19.8][11,7.19,14.1][12,9.0,15.6][12,18.8,21.0][13,9.89,11.3][13,14.3,16.6]
18  2007.683  消费数 5684.62  四个目标值 -2007.683 23 12.416202735264697 77.36658856143174 9 规划路径 60 40 53 38 20 19 17 35 33 31 4 3 5 43 41 37 24 25 2 1 26 18 36 规划时间 [7.,17.6,7][0.,7.7,12.3][0.,13.5,14.9][0.,15.2,16.9][0.,17.7,18.9][1.,9.0,12.6][1.,12.6,20.6][2.,9.0,13.5][2.,14.6,16.0][2.,16.5,20.2][3.,8.0,10.0][3.,12.0,14.0][3.,14.0,18.2][4.,9.0,11.0][4.,14.2,18.9][4.,19.5,21.2][5.,7.09,12.3][5.,13.4,18.5][5.,18.5,21.3][6.,7.69,13.1][6.,13.6,16.0][6.,17.0,21.0][7.,8.90,12.8][7.,13.8,15.9]
19  4418.482  消费数 10163.84  四个目标值 -4418.482 25 15.106873543803204 82.20966349936306 12 规划路径 60 40 53 38 46 47 26 35 33 31 54 3 68 75 19 37 24 62 65 67 73 76 36 52 22 规划时间 [9.,13.0,7][0.,7.7,11.9][0.,13.1,14.4][0.,14.7,17.0][0.,17.8,20.6][1.,8.0,15.6][1.,15.7,18.1][2.,7.29,10.8][2.,12.7,15.5][2.,16.0,21.5][3.,8.0,13.0][3.,15.0,16.7][3.,19.0,20.4][4.,7.0,9.79][4.,12.7,13.7][4.,18.4,21.0][5.,7.20,11.3][5.,12.4,18.4][5.,20.6,21.9][6.,7.0,11.5][6.,12.0,14.3][6.,16.9,20.9][7.,8.19,15.0][8.,9.0,10.9][8.,14.0,16.8][9.,9.0,10.8]
20  2038.3090000000002  消费数 6460.51  四个目标值 -2038.3090000000002 24 12.577384458609181 101.1805466124112 9 规划路径 60 40 53 38 20 19 17 35 33 31 4 3 5 43 42 37 24 28 2 23 26 34 36 25 规划时间 [10,8.40,7][0.,7.7,12.5][0.,13.7,16.5][1.,8.0,14.2][1.,15.0,18.7][2.,9.0,14.8][2.,14.8,21.9][3.,9.0,15.0][3.,16.2,17.5][3.,18.0,19.4][4.,8.0,12.0][4.,14.0,15.0][4.,15.2,21.0][5.,9.0,14.3][5.,17.4,21.5][6.,7.0,10.8][6.,11.6,16.6][6.,17.8,19.3][7.,7.5,14.6][7.,15.8,21.5][8.,7.59,11.1][8.,11.9,13.9][8.,15.0,16.9][9.,9.0,15.5][9.,16.5,21.0]
21  3996.1209999999996  消费数 9687.88  四个目标值 -3996.1209999999996 23 12.673293913601267 107.14951044802905 14 规划路径 60 46 53 38 20 19 26 12 33 31 78 3 68 43 41 37 24 62 65 67 73 76 36 规划时间 [11,15.3,7][0.,7.7,13.5][0.,14.8,21.9][1.,9.10,12.0][1.,12.7,18.0][2.,9.0,15.2][2.,15.2,21.7][3.,9.59,11.0][3.,14.0,21.2][4.,10.0,16.9][5.,8.0,10.6][5.,14.5,19.0][6.,7.69,13.5][6.,14.1,17.1][6.,20.5,21.6][7.,7.40,12.8][7.,13.5,14.8][7.,15.9,21.5][8.,8.90,16.0][8.,16.1,17.4][9.,8.5,11.5][9.,14.0,20.3][10,7.59,13.8][11,9.0,13.5]
22  3970.6849999999995  消费数 10318.48  四个目标值 -3970.6849999999995 26 13.99604716710825 129.27509888481717 13 规划路径 60 46 53 38 20 19 26 35 33 31 29 3 5 43 41 37 24 62 65 1 73 76 36 52 22 61 规划时间 [13,16.8,7][0.,7.7,12.2][0.,13.5,21.2][1.,8.39,14.0][1.,14.7,19.2][2.,9.0,15.6][2.,15.6,20.4][3.,8.29,15.7][4.,7.5,14.0][4.,14.7,18.5][5.,8.0,12.5][5.,14.0,17.4][5.,18.3,20.1][6.,9.0,10.9][6.,14.0,17.1][6.,17.9,19.0][7.,7.5,12.1][7.,13.3,19.9][8.,7.19,14.1][8.,14.3,21.0][9.,7.30,13.9][9.,17.0,19.0][10,7.0,13.1][11,9.0,14.3][11,17.3,19.1][12,8.0,15.0][13,8.5,16.1]
23  4543.518  消费数 10894.28  四个目标值 -4543.518 25 13.494819852000104 126.83577434395741 14 规划路径 60 40 53 38 20 19 26 12 33 31 78 3 27 43 41 37 24 62 65 1 73 76 36 52 22 规划时间 [13,17.3,7][0.,7.7,15.4][0.,16.6,18.0][1.,8.0,13.5][1.,14.2,19.2][2.,9.0,14.6][2.,14.6,20.7][3.,8.70,15.2][3.,18.2,21.7][4.,10.5,15.4][5.,8.0,12.5][5.,16.4,21.3][6.,9.90,16.5][7.,8.0,14.5][7.,17.0,21.3][8.,7.0,13.5][8.,14.4,17.0][8.,18.0,20.3][9.,7.59,12.5][9.,12.5,18.6][10,8.5,10.5][10,13.5,21.3][11,8.69,16.1][12,9.0,16.0][12,19.1,21.6][13,10.5,15.1]
24  3455.1780000000003  消费数 8300.37  四个目标值 -3455.1780000000003 26 13.67395391684563 79.77260684773468 10 规划路径 60 40 53 38 20 19 17 35 33 31 4 3 5 43 42 37 24 21 2 23 73 76 36 52 22 61 规划时间 [9.,14.0,7][0.,7.7,9.4][0.,10.6,13.8][0.,14.1,16.9][0.,17.7,19.2][1.,9.0,12.0][1.,12.0,15.7][1.,15.8,20.5][2.,7.5,11.0][2.,11.6,13.2][2.,13.5,15.5][3.,7.0,8.29][3.,8.40,14.2][3.,14.4,15.9][3.,19.0,20.0][3.,20.2,21.7][4.,7.59,10.4][4.,11.5,13.5][4.,15.5,16.9][4.,18.4,20.0][5.,9.5,13.1][5.,16.6,21.3][6.,8.59,15.5][7.,9.0,16.0][7.,19.1,20.6][8.,9.59,14.1][9.,8.5,13.4]
25  4695.25  消费数 11098.24  四个目标值 -4695.25 27 16.745704907427168 105.18399625537732 9 规划路径 55 40 53 45 46 47 26 35 33 31 4 3 5 75 41 37 24 62 65 67 73 76 36 52 22 61 63 规划时间 [12,13.3,7][0.,7.7,11.8][0.,12.7,19.5][1.,8.0,11.7][1.,14.1,16.2][1.,16.4,18.9][1.,19.0,21.2][2.,10.3,11.7][2.,13.7,17.0][2.,17.5,21.2][3.,8.0,13.2][3.,15.2,17.2][3.,17.4,21.0][4.,9.0,15.7][5.,7.0,9.90][5.,13.9,20.6][6.,7.5,12.6][6.,13.8,16.0][6.,18.3,20.9][6.,21.0,22.0][7.,7.59,15.5][7.,18.1,20.3][8.,7.59,13.3][9.,9.0,11.5][9.,14.5,20.5][10,9.40,14.5][11,8.5,14.6][12,9.0,10.3]
26  3797.311  消费数 9812.18  四个目标值 -3797.311 26 14.605334990298173 123.40185922494881 12 规划路径 60 40 53 38 46 47 26 35 33 31 4 3 5 43 41 37 24 62 65 67 73 69 36 52 22 61 规划时间 [12,16.8,7][0.,7.7,15.3][0.,16.5,19.9][1.,8.0,9.70][1.,10.5,18.2][1.,20.6,22.0][2.,7.10,15.1][2.,19.2,21.7][3.,8.59,16.5][3.,17.0,18.4][4.,8.0,14.7][4.,16.7,17.9][4.,18.0,21.5][5.,9.0,12.9][5.,16.0,21.1][6.,7.0,13.5][6.,14.4,17.5][6.,18.5,20.0][7.,7.40,14.6][7.,14.8,17.5][8.,8.5,15.4][8.,18.0,19.8][9.,7.80,15.5][10,9.0,15.4][10,18.5,20.3][11,9.19,17.0][12,8.5,16.1]
27  5024.092000000001  消费数 11260.87  四个目标值 -5024.092000000001 25 15.535450552959967 94.60949622752213 11 规划路径 49 40 53 45 46 47 26 35 33 12 78 3 5 75 41 37 24 62 65 67 73 76 36 52 22 规划时间 [12,15.1,7][0.,8.8,12.3][0.,14.6,16.1][1.,8.0,14.2][2.,8.5,11.2][2.,11.3,18.5][2.,18.5,19.7][3.,8.90,10.4][3.,12.2,15.4][3.,16.0,17.9][4.,7.0,14.0][4.,17.5,21.0][5.,9.69,11.6][5.,11.8,14.8][6.,7.0,8.59][6.,12.5,16.6][7.,7.5,13.8][7.,14.9,19.3][8.,9.5,15.6][8.,15.8,17.5][9.,8.5,10.0][9.,12.5,18.9][10,7.0,13.3][11,9.0,16.1][11,19.1,20.3][12,9.30,13.0]
28  4307.099  消费数 10171.05  四个目标值 -4307.099 25 15.886806792000737 87.30673520985559 10 规划路径 55 40 53 45 46 47 26 35 33 31 54 3 68 75 19 37 24 62 65 67 73 76 36 52 22 规划时间 [10,17.3,7][0.,7.7,9.5][0.,10.4,14.0][0.,14.3,15.5][1.,8.5,12.2][1.,12.3,18.6][1.,18.7,19.7][2.,9.0,13.7][2.,15.7,17.2][2.,17.7,21.5][3.,8.0,12.5][3.,14.5,15.5][3.,17.9,21.7][4.,7.40,8.79][4.,11.7,15.5][4.,20.0,21.4][5.,7.59,11.4][5.,12.5,17.8][5.,20.0,21.5][6.,9.5,16.9][7.,8.5,15.4][7.,18.0,20.1][8.,7.5,12.4][9.,9.0,10.9][9.,14.0,17.6][10,9.0,15.0]
29  4247.018999999999  消费数 10841.91  四个目标值 -4247.018999999999 26 15.687277493120854 121.79846294136895 10 规划路径 60 40 53 45 46 58 26 35 33 31 4 3 5 75 41 37 24 62 65 67 73 76 36 52 22 61 规划时间 [13,15.3,7][0.,7.7,14.7][0.,15.9,17.9][1.,8.0,11.1][1.,13.3,15.6][1.,15.7,20.4][2.,8.29,16.2][2.,19.7,21.2][3.,8.09,9.20][3.,9.79,15.5][4.,8.0,13.0][4.,15.0,16.7][4.,16.9,19.2][5.,9.0,15.5][6.,7.0,11.4][6.,15.4,21.5][7.,7.40,14.8][7.,15.9,21.1][8.,8.5,13.3][8.,13.4,19.4][9.,8.5,11.4][9.,14.0,21.0][10,8.40,15.1][11,9.0,14.3][11,17.5,21.3][12,10.1,14.8][13,8.5,14.6]
30  2399.4290000000005  消费数 7294.49  四个目标值 -2399.4290000000005 26 13.549362959970292 98.91546667152855 9 规划路径 60 40 53 38 16 19 17 35 33 31 4 3 5 43 42 37 24 28 2 23 26 18 36 25 22 61 规划时间 [11,10.6,7][0.,7.7,14.8][0.,16.0,17.7][1.,8.0,14.2][1.,15.0,19.1][2.,9.0,10.5][2.,11.2,12.7][2.,12.7,18.9][3.,7.5,9.09][3.,9.70,16.0][4.,8.0,9.40][4.,11.4,17.2][4.,17.2,20.2][5.,9.0,10.1][5.,13.3,14.5][5.,14.8,18.5][6.,7.5,12.4][6.,13.5,20.4][7.,7.5,14.0][7.,15.0,20.5][8.,9.5,12.0][8.,12.8,18.0][9.,9.0,11.4][9.,12.4,14.1][9.,15.3,18.5][10,9.0,15.0][11,8.5,9.89]
31  4132.199  消费数 10426.6  四个目标值 -4132.199 25 14.95654149382763 128.59673295373273 11 规划路径 60 40 53 38 46 47 26 35 33 31 4 3 5 75 41 37 24 62 65 67 73 76 36 52 22 规划时间 [12,17.5,7][0.,7.7,14.6][0.,15.8,20.3][1.,8.0,12.1][1.,12.8,15.2][1.,17.6,21.7][2.,7.0,14.7][2.,19.0,20.0][3.,7.5,14.5][3.,15.2,21.5][4.,8.0,11.2][4.,13.2,15.5][4.,15.7,20.0][5.,9.0,16.3][6.,7.0,12.5][6.,16.5,21.5][7.,7.30,12.6][7.,13.8,20.9][8.,8.19,14.1][8.,14.3,21.0][9.,8.5,16.1][9.,18.8,20.6][10,8.0,15.3][11,9.0,16.1][11,19.1,20.6][12,9.60,15.3]
32  4910.409999999999  消费数 11389.14  四个目标值 -4910.409999999999 27 15.455480079326652 111.54890412135668 12 规划路径 60 40 53 38 46 19 26 35 33 31 54 3 27 43 41 37 24 62 4 1 73 76 36 52 22 61 63 规划时间 [13,15.6,7][0.,7.7,14.5][0.,15.7,19.4][1.,8.0,14.6][1.,15.3,18.6][1.,21.0,22.0][2.,9.39,15.6][2.,18.5,20.2][3.,7.09,10.9][3.,11.5,18.4][4.,8.0,15.0][5.,10.0,13.5][5.,15.9,20.0][6.,8.0,11.4][6.,14.0,17.8][6.,18.5,19.6][7.,7.5,9.69][7.,10.8,12.4][7.,14.6,21.0][8.,7.30,11.8][8.,12.3,14.8][8.,17.9,21.9][9.,9.19,13.3][10,9.0,11.9][10,15.0,16.1][11,9.0,16.8][12,8.5,16.1][13,9.0,12.6]
33  4388.347  消费数 10913.3  四个目标值 -4388.347 26 16.065429866113117 117.44399396338811 8 规划路径 55 40 53 45 46 47 26 35 33 31 4 3 5 75 41 37 24 62 8 67 73 76 36 52 22 61 规划时间 [13,17.1,7][0.,7.7,11.7][0.,12.6,16.2][1.,8.0,10.7][1.,13.0,17.2][1.,17.4,19.2][1.,19.4,21.5][2.,10.7,16.5][3.,7.5,10.4][3.,11.0,16.5][4.,8.0,15.2][5.,7.0,10.1][5.,10.3,17.8][6.,9.0,15.0][7.,7.0,14.6][7.,18.6,20.8][8.,7.5,14.6][8.,15.8,17.0][8.,19.4,21.4][9.,8.09,12.6][9.,14.3,17.1][9.,19.8,21.9][10,9.19,16.5][11,9.0,16.8][11,20.0,21.6][12,10.5,16.5][13,8.5,16.5]
34  4020.8159999999993  消费数 10433.81  四个目标值 -4020.8159999999993 25 15.736474742025164 124.99832958327374 9 规划路径 55 40 53 45 46 47 26 35 33 31 4 3 5 75 41 37 24 62 65 67 73 76 36 52 22 规划时间 [13,15.6,7][0.,7.7,12.5][0.,13.4,16.9][1.,8.0,16.0][2.,8.5,14.6][2.,14.7,18.9][2.,19.0,21.7][3.,10.9,18.2][4.,7.5,9.09][4.,9.70,17.5][5.,8.0,11.1][5.,13.1,17.9][5.,18.0,19.3][6.,9.0,17.0][7.,7.0,9.90][7.,13.9,21.5][8.,7.40,12.8][8.,13.9,21.4][9.,8.69,13.9][9.,14.0,18.5][10,8.5,13.5][10,16.1,21.1][11,8.5,14.1][12,9.0,10.6][12,13.8,19.6][13,8.5,13.5]
35  4810.4529999999995  消费数 10888.55  四个目标值 -4810.4529999999995 26 14.622713032013568 106.11751519552227 13 规划路径 60 40 53 38 17 19 26 35 33 12 78 3 5 75 41 37 24 62 65 67 73 76 36 52 22 61 规划时间 [11,16.8,7][0.,7.7,14.5][0.,15.7,18.0][1.,8.0,14.6][1.,15.3,21.6][2.,7.79,9.60][2.,9.70,15.6][2.,18.5,20.7][3.,7.59,10.2][3.,10.7,17.5][4.,7.0,14.4][4.,17.9,20.2][5.,8.90,11.4][5.,11.5,15.0][6.,7.0,13.1][6.,17.1,21.0][7.,7.5,11.1][7.,12.3,13.3][7.,15.5,19.9][7.,20.0,21.5][8.,7.09,9.40][8.,12.0,15.0][8.,17.3,21.3][9.,11.1,13.0][9.,16.0,21.4][10,10.3,14.6][11,8.5,16.1]
36  2114.217  消费数 6469.8  四个目标值 -2114.217 24 12.98869984485711 104.78647927499006 9 规划路径 60 40 53 38 20 19 17 35 33 31 4 3 5 43 42 37 24 28 2 1 26 18 36 57 规划时间 [10,17.3,7][0.,7.7,11.9][0.,13.1,16.6][1.,8.0,11.7][1.,12.5,19.6][2.,9.0,13.1][2.,13.1,19.5][2.,19.7,20.7][3.,7.5,12.2][3.,12.9,18.9][4.,8.0,10.2][4.,12.2,18.0][4.,18.0,22.0][5.,7.09,13.5][5.,16.6,21.4][6.,7.0,10.3][6.,11.1,12.5][6.,13.6,19.4][7.,7.5,12.6][7.,13.8,20.3][8.,8.5,9.69][8.,10.8,16.3][9.,9.0,15.3][10,9.0,10.0][10,12.0,16.6]
37  2901.4719999999998  消费数 7782.93  四个目标值 -2901.4719999999998 23 12.660036919990066 90.41448919863394 12 规划路径 60 46 53 38 20 19 17 35 33 32 29 3 26 43 41 37 24 62 65 1 73 76 36 规划时间 [9.,18.4,7][0.,7.7,11.8][0.,13.1,15.8][1.,8.0,15.7][1.,16.6,18.7][2.,9.0,16.0][2.,16.0,17.7][2.,17.7,20.2][3.,7.5,9.29][3.,9.90,13.9][3.,14.5,16.7][4.,8.5,12.4][4.,13.2,17.9][4.,18.9,21.2][5.,8.80,16.0][5.,16.8,21.1][6.,7.5,12.5][6.,13.5,18.9][7.,9.5,15.0][7.,15.1,19.3][8.,8.5,11.4][8.,14.5,18.9][9.,7.0,10.5][9.,15.5,16.5]
38  4665.927  消费数 11099.88  四个目标值 -4665.927 26 16.306625709466154 97.09398632945145 10 规划路径 49 40 53 45 46 47 26 35 33 31 54 3 68 75 19 37 24 62 65 67 73 76 36 52 22 61 规划时间 [11,12.3,7][0.,8.8,14.3][0.,16.6,21.8][1.,7.10,13.7][1.,16.1,17.2][1.,17.4,21.7][2.,7.0,14.6][2.,18.7,20.0][3.,7.0,11.2][3.,11.9,17.7][4.,8.0,14.0][5.,10.0,11.5][5.,13.8,20.0][5.,20.5,21.8][6.,9.69,13.3][6.,17.9,21.5][7.,7.80,9.09][7.,10.1,16.0][7.,18.3,21.6][8.,9.5,14.1][8.,14.8,16.1][8.,18.8,20.0][9.,7.40,9.90][9.,14.8,16.6][9.,19.8,21.5][10,10.5,16.0][11,8.5,11.6]
39  2338.9919999999997  消费数 6581.89  四个目标值 -2338.9919999999997 24 12.783954243943594 84.58187458115691 10 规划路径 60 46 53 38 20 19 17 35 33 31 29 3 28 43 41 37 24 25 2 1 26 18 36 57 规划时间 [9.,13.8,7][0.,7.7,15.3][0.,16.6,21.9][1.,9.10,10.7][1.,11.6,16.9][2.,9.0,14.2][2.,14.2,17.5][2.,17.7,20.0][3.,7.5,10.2][3.,10.9,15.0][3.,15.2,16.5][4.,8.5,11.9][4.,12.7,18.2][5.,7.5,9.59][5.,12.1,15.4][5.,16.0,19.0][6.,7.5,10.0][6.,11.0,13.4][6.,13.5,15.5][6.,17.0,20.9][7.,8.5,10.6][7.,11.8,16.1][8.,9.0,14.3][8.,15.3,16.5][9.,8.5,13.0]
40  4355.525999999999  消费数 10926.38  四个目标值 -4355.525999999999 26 15.985845671115202 113.79920425916363 9 规划路径 55 40 53 45 46 19 26 35 33 31 4 68 5 75 41 37 24 62 65 67 73 76 36 52 22 61 规划时间 [12,17.1,7][0.,7.7,15.7][0.,16.6,21.0][1.,8.0,11.7][1.,14.1,15.8][1.,16.0,19.6][2.,7.0,8.10][2.,11.0,17.9][3.,7.5,10.2][3.,10.7,16.9][4.,8.0,15.7][5.,7.0,13.8][5.,14.5,21.5][6.,7.09,12.9][6.,16.4,17.5][7.,7.0,8.09][7.,8.90,16.5][7.,17.5,21.5][8.,8.80,10.4][8.,10.5,16.3][9.,8.5,12.3][9.,14.9,19.3][10,7.0,9.19][10,14.0,15.6][10,18.8,21.1][11,10.0,14.6][12,8.5,16.5]
41  4652.954  消费数 11164.85  四个目标值 -4652.954 27 15.330545555434554 118.27333653262197 11 规划路径 60 46 53 38 20 19 26 35 33 31 54 3 27 43 41 37 24 62 4 1 79 76 36 52 22 61 63 规划时间 [13,14.3,7][0.,7.7,13.0][0.,14.3,17.9][1.,8.0,14.2][1.,15.0,19.9][2.,9.0,15.2][2.,15.2,20.0][3.,8.0,12.7][3.,14.5,15.5][3.,16.2,22.0][4.,7.29,12.2][4.,14.2,15.5][4.,17.7,20.2][5.,8.0,14.5][5.,17.0,21.3][6.,7.0,10.5][6.,11.3,15.5][6.,16.5,21.0][7.,8.40,11.5][7.,12.8,16.4][8.,8.5,16.3][9.,8.5,9.59][9.,11.0,14.4][10,9.0,16.3][10,19.3,21.1][11,10.1,16.0][12,8.5,16.5][13,9.0,11.3]
42  2623.313  消费数 7358.5  四个目标值 -2623.313 25 13.25380443425064 106.53222717329645 10 规划路径 60 40 53 38 20 19 17 35 33 31 4 3 5 43 42 37 24 21 2 23 26 34 36 52 22 规划时间 [10,16.3,7][0.,7.7,13.9][0.,15.1,21.8][1.,7.10,11.2][1.,12.1,19.4][2.,9.0,16.5][2.,16.5,19.9][2.,20.0,21.0][3.,7.09,13.0][3.,13.5,19.0][4.,8.0,12.5][4.,14.5,17.2][4.,17.4,20.0][5.,9.0,10.1][5.,13.3,17.8][5.,18.0,19.5][6.,7.5,14.0][6.,15.1,21.8][7.,8.90,12.5][7.,14.0,18.6][7.,19.6,20.8][8.,7.0,14.5][8.,15.6,16.8][9.,9.0,10.3][9.,13.4,17.3][10,9.0,14.1]
43  2174.666  消费数 6532.35  四个目标值 -2174.666 24 12.46096237386664 93.72434921490435 10 规划路径 60 40 53 38 20 19 17 35 33 31 4 3 5 43 42 37 24 28 2 23 26 29 36 52 规划时间 [9.,20.5,7][0.,7.7,13.1][0.,14.3,19.1][1.,8.0,14.8][1.,15.7,17.9][2.,9.0,16.2][2.,16.2,21.0][3.,9.0,13.0][3.,14.0,17.4][3.,18.0,20.7][4.,8.0,11.4][4.,13.4,16.5][4.,16.7,19.5][5.,9.0,14.0][5.,17.0,18.5][5.,18.8,21.0][6.,7.5,9.80][6.,10.9,17.1][7.,7.5,15.3][7.,16.4,17.6][7.,18.6,20.6][8.,7.0,12.4][8.,13.0,15.3][9.,9.0,12.6][9.,15.8,18.8]
44  1934.5810000000001  消费数 6164.75  四个目标值 -1934.5810000000001 23 12.304958204284706 104.44146497271217 9 规划路径 60 40 53 38 20 19 17 35 33 31 4 3 27 43 42 37 24 28 2 23 26 34 36 规划时间 [9.,17.0,7][0.,7.7,14.4][0.,15.6,18.7][1.,8.0,15.7][1.,16.6,21.2][2.,7.29,14.0][2.,14.0,21.4][3.,9.0,13.0][3.,14.2,16.7][3.,17.4,20.7][4.,8.0,13.2][4.,15.2,16.5][4.,16.7,19.5][5.,8.0,14.5][5.,17.1,21.5][6.,7.0,9.0][6.,9.90,16.5][6.,17.5,20.4][7.,7.5,9.19][7.,10.3,16.5][7.,17.5,20.9][8.,7.0,12.0][8.,13.1,16.9][9.,9.0,15.1]
45  4596.757  消费数 11097.09  四个目标值 -4596.757 26 14.465150535327838 115.16008146695444 13 规划路径 60 46 53 38 20 19 26 12 33 31 4 3 5 75 41 37 24 62 65 67 73 76 36 52 22 61 规划时间 [13,16.1,7][0.,7.7,12.1][0.,13.4,17.0][1.,8.0,15.8][1.,16.7,18.4][2.,9.0,14.7][2.,14.7,19.5][3.,7.40,15.0][3.,18.0,20.9][4.,9.70,12.2][4.,12.5,16.0][5.,7.0,13.5][5.,13.5,16.0][6.,9.0,16.0][7.,7.0,11.5][7.,15.5,19.5][8.,7.5,12.5][8.,13.6,17.1][8.,19.5,21.4][9.,9.5,11.3][9.,11.9,13.9][9.,16.5,21.4][10,8.69,15.8][11,9.0,13.5][11,16.6,18.3][12,7.30,13.5][13,8.5,15.3]
46  2496.04  消费数 7144.85  四个目标值 -2496.04 22 12.09620593531705 79.7944213697462 11 规划路径 60 46 53 38 20 19 17 35 33 31 4 3 5 43 41 37 24 62 65 67 73 69 规划时间 [8.,15.5,7][0.,7.7,10.9][0.,12.2,16.1][1.,8.0,14.3][1.,15.2,21.2][2.,7.29,12.6][2.,12.6,14.0][2.,14.1,17.5][3.,7.5,15.0][3.,15.5,19.7][4.,8.0,12.5][4.,14.5,15.9][4.,16.0,17.2][5.,9.0,15.4][5.,18.5,21.1][6.,7.0,14.3][6.,15.0,16.8][6.,17.9,20.0][7.,7.40,9.80][7.,9.90,12.4][7.,13.0,14.0][7.,16.5,18.0][8.,8.5,12.0]
47  3280.3969999999995  消费数 8499.21  四个目标值 -3280.3969999999995 25 13.677686576585595 89.01789553041023 12 规划路径 60 46 53 38 20 19 17 35 33 31 4 3 5 43 41 37 24 62 65 67 73 69 36 52 22 规划时间 [9.,17.3,7][0.,7.7,10.9][0.,12.2,19.9][1.,7.10,11.8][1.,12.7,15.2][2.,9.0,11.2][2.,11.2,16.2][2.,16.2,20.5][3.,7.5,11.0][3.,11.7,19.5][4.,8.0,12.7][4.,14.7,16.9][4.,17.0,19.4][5.,9.0,11.1][5.,14.3,16.3][5.,17.0,21.8][6.,7.59,14.6][6.,15.8,19.0][7.,9.5,11.4][7.,11.5,12.5][7.,13.1,14.5][7.,17.0,19.5][8.,7.5,12.3][8.,15.3,16.6][8.,19.8,21.4][9.,10.3,15.0]
48  3733.619  消费数 9951.94  四个目标值 -3733.619 26 15.001212074421055 111.17873858610005 12 规划路径 60 40 53 45 46 19 26 35 33 31 4 3 68 43 41 37 24 62 65 67 73 63 59 52 22 61 规划时间 [11,17.5,7][0.,7.7,13.0][0.,14.2,21.7][1.,7.0,14.3][2.,8.5,10.2][2.,10.3,17.5][2.,20.0,21.4][3.,9.29,13.2][3.,15.0,16.9][3.,17.5,18.5][4.,8.0,12.7][4.,14.7,17.4][4.,17.5,21.5][5.,7.09,9.19][5.,12.5,20.4][6.,7.0,10.1][6.,11.0,14.4][6.,15.5,21.9][7.,9.19,15.1][7.,15.3,18.1][8.,8.5,16.4][8.,19.0,20.8][9.,8.0,13.5][10,8.0,15.8][10,17.3,19.6][11,8.5,12.6][11,15.5,16.8]
49  2061.4010000000003  消费数 6383.34  四个目标值 -2061.4010000000003 24 13.346824014247613 102.93526217893528 8 规划路径 55 40 53 38 20 19 17 35 33 31 4 3 5 43 41 37 24 25 2 1 26 18 36 57 规划时间 [10,14.0,7][0.,7.7,12.3][0.,13.2,17.5][1.,8.0,13.2][1.,14.0,19.0][2.,9.0,12.1][2.,12.1,19.0][2.,19.0,20.0][3.,7.5,15.0][3.,15.7,21.0][4.,8.0,15.7][5.,7.0,10.0][5.,10.1,12.0][5.,12.1,13.4][5.,16.5,21.0][6.,7.0,12.8][6.,13.5,16.5][6.,17.6,21.0][7.,7.0,10.5][7.,12.0,17.0][8.,8.5,13.5][8.,14.5,18.9][9.,9.0,13.9][9.,14.9,16.3][10,8.5,13.3]
50  3451.7699999999995  消费数 8679.57  四个目标值 -3451.7699999999995 24 13.121291048235756 83.5247911509379 13 规划路径 60 46 53 38 20 19 26 35 33 31 29 3 5 43 41 37 24 62 65 1 73 76 36 52 规划时间 [9.,20.5,7][0.,7.7,11.2][0.,12.5,14.4][1.,8.0,12.1][1.,12.8,16.7][2.,9.0,10.7][2.,10.7,18.7][3.,7.0,9.90][3.,11.7,15.7][3.,16.2,18.7][4.,8.0,10.2][4.,11.7,12.9][4.,13.7,20.2][5.,9.0,11.3][5.,14.4,20.5][6.,7.0,8.30][6.,9.09,15.6][6.,16.8,20.6][7.,8.0,9.0][7.,9.09,11.6][7.,12.9,16.3][7.,19.4,21.3][8.,8.59,14.0][9.,9.0,13.6][9.,16.8,18.8]
51  3163.111  消费数 8394.96  四个目标值 -3163.111 23 14.159895119927913 96.87793535777385 9 规划路径 60 40 53 45 46 58 26 35 33 31 4 3 5 54 41 37 24 68 65 67 73 76 36 规划时间 [10,16.8,7][0.,7.7,10.1][0.,11.3,18.9][1.,8.0,10.7][1.,13.1,14.7][1.,14.8,21.4][2.,7.79,15.6][2.,19.2,21.5][3.,8.5,14.5][3.,15.2,18.7][4.,8.0,12.5][4.,14.5,17.5][4.,17.7,21.5][5.,9.0,17.0][6.,10.0,14.3][6.,16.0,19.0][7.,7.5,11.0][7.,12.0,16.0][7.,17.9,20.4][8.,9.5,14.3][8.,14.9,17.3][8.,19.9,21.3][9.,8.59,13.4][10,9.0,15.0]
52  4863.195  消费数 10886.29  四个目标值 -4863.195 25 14.256398111121984 90.88395338347532 14 规划路径 60 46 53 38 17 19 26 35 33 12 78 3 5 75 41 37 24 62 65 67 73 76 36 52 22 规划时间 [11,15.3,7][0.,7.7,13.0][0.,14.3,15.4][1.,8.0,14.1][1.,14.8,19.7][2.,9.0,14.8][2.,15.0,17.2][2.,20.2,21.7][3.,8.59,15.7][3.,16.2,21.2][4.,10.0,15.2][4.,18.7,21.2][5.,9.80,11.5][5.,11.6,13.4][6.,7.0,8.80][6.,12.8,15.8][7.,7.5,10.5][7.,11.5,12.9][7.,15.1,20.1][7.,20.3,21.5][8.,7.09,12.1][8.,14.8,21.8][9.,9.09,12.6][10,9.0,11.5][10,14.5,17.6][11,9.0,13.1]
53  3012.6009999999997  消费数 8241.06  四个目标值 -3012.6009999999997 24 13.292499751032983 107.90670193868635 11 规划路径 60 46 53 38 20 19 17 35 33 32 29 3 26 43 41 37 24 62 4 1 73 76 36 57 规划时间 [11,16.3,7][0.,7.7,11.8][0.,13.1,16.9][1.,8.0,15.3][1.,16.2,19.2][2.,9.0,14.2][2.,14.2,17.5][2.,17.7,20.5][3.,7.5,13.0][3.,13.7,19.5][4.,7.5,15.4][5.,8.5,10.0][5.,10.9,12.6][5.,13.6,21.1][6.,8.80,16.5][6.,17.3,21.1][7.,7.0,13.1][7.,14.3,19.5][8.,9.5,10.5][8.,11.9,16.0][9.,8.5,13.9][9.,17.0,21.3][10,8.59,13.6][11,9.0,11.1][11,13.1,15.6]
54  3387.9990000000003  消费数 9062.87  四个目标值 -3387.9990000000003 24 13.86745749196811 119.04302653722112 12 规划路径 60 40 53 38 46 47 26 35 33 31 4 3 5 43 41 37 24 62 65 67 73 76 36 52 规划时间 [11,20.8,7][0.,7.7,12.5][0.,13.7,21.1][1.,8.0,12.1][1.,12.8,20.4][2.,7.79,11.6][2.,11.7,18.9][3.,8.09,15.0][4.,7.5,14.2][4.,14.9,18.2][5.,8.0,14.8][5.,16.8,17.9][5.,18.0,21.3][6.,9.0,14.0][6.,17.1,21.4][7.,7.09,12.5][7.,13.3,17.5][7.,18.5,21.3][8.,8.59,14.8][8.,14.9,18.5][9.,8.5,11.8][9.,14.4,21.5][10,8.80,15.8][11,9.0,12.0][11,15.1,19.1]
55  4572.262  消费数 11056.21  四个目标值 -4572.262 26 16.551903806112065 96.88814465030077 9 规划路径 49 40 53 45 46 47 26 35 33 31 54 3 68 75 41 37 24 62 65 67 73 76 36 52 22 61 规划时间 [11,15.3,7][0.,8.8,13.3][0.,15.6,19.2][1.,8.0,14.2][2.,8.5,14.7][2.,14.8,16.0][2.,16.0,18.0][3.,7.29,13.5][3.,15.5,16.7][3.,17.4,20.9][4.,8.0,9.59][4.,11.7,14.7][4.,17.0,19.4][4.,20.0,21.9][5.,9.80,17.0][6.,7.0,9.09][6.,9.90,17.4][6.,18.5,20.1][7.,7.5,14.1][7.,14.3,19.0][8.,8.5,12.5][8.,15.0,19.0][9.,7.0,11.5][10,9.0,12.1][10,15.3,18.6][11,7.5,10.0][11,12.8,14.6]
56  3788.3089999999997  消费数 9841.22  四个目标值 -3788.3089999999997 25 15.388264450485652 110.30629564362486 9 规划路径 55 40 53 45 46 19 17 35 33 31 4 3 5 75 41 37 24 62 65 67 73 76 36 52 22 规划时间 [11,18.8,7][0.,7.7,14.3][0.,15.2,18.7][1.,8.0,14.7][2.,8.5,16.4][2.,16.5,19.2][3.,7.0,13.7][3.,13.7,20.5][4.,7.5,14.2][4.,14.7,16.4][5.,8.0,13.0][5.,15.0,17.4][5.,17.5,20.0][6.,9.0,11.0][6.,14.5,16.1][6.,20.1,21.1][7.,7.0,14.5][7.,15.5,21.0][8.,8.30,12.6][8.,12.8,20.5][9.,8.5,15.8][9.,18.4,20.1][10,7.5,8.80][10,13.6,15.5][10,18.6,20.6][11,9.5,16.6]
57  4441.718  消费数 10735.67  四个目标值 -4441.718 25 16.223713123763744 109.12502590160085 9 规划路径 49 40 53 45 46 47 26 35 33 31 54 3 68 75 41 37 24 62 65 67 73 76 36 52 22 规划时间 [12,15.0,7][0.,8.8,16.2][0.,18.5,19.7][1.,8.0,15.5][2.,8.5,14.7][2.,14.8,20.9][3.,7.0,9.20][3.,13.4,20.5][4.,7.5,13.2][4.,13.7,21.0][5.,8.0,14.6][6.,10.0,12.0][6.,14.4,18.5][6.,19.0,20.1][7.,8.09,16.0][7.,20.0,22.0][8.,7.80,10.9][8.,12.0,17.5][8.,19.8,21.3][9.,9.5,16.3][10,8.5,10.8][10,13.4,18.3][10,20.6,21.6][11,11.5,15.6][11,18.8,21.6][12,10.5,12.8]
58  4180.806999999999  消费数 10508.8  四个目标值 -4180.806999999999 26 15.749122371651557 111.15310863121421 10 规划路径 60 40 53 45 46 47 26 35 33 31 4 3 5 75 41 37 24 62 65 67 73 76 36 52 22 61 规划时间 [13,12.6,7][0.,7.7,12.3][0.,13.5,19.0][1.,8.0,14.8][2.,8.5,10.1][2.,10.2,13.3][2.,13.5,16.4][2.,20.5,21.7][3.,8.59,11.0][3.,11.5,18.7][4.,8.0,13.5][4.,15.5,16.7][4.,16.7,19.2][5.,9.0,14.8][6.,7.0,14.1][6.,18.1,21.8][7.,7.59,9.0][7.,10.0,16.8][7.,19.0,21.8][8.,9.5,16.1][9.,8.5,15.0][9.,17.6,19.8][10,7.09,13.8][11,9.0,16.5][11,19.6,21.1][12,10.0,14.8][13,8.5,11.8]
59  2385.0049999999997  消费数 7060.25  四个目标值 -2385.0049999999997 22 12.15884193445046 77.73352261633633 11 规划路径 60 46 53 38 20 19 17 35 33 31 4 3 5 43 42 37 24 62 65 67 73 76 规划时间 [8.,11.4,7][0.,7.7,15.7][0.,17.0,19.1][1.,8.0,9.39][1.,10.2,15.8][2.,9.0,13.7][2.,13.7,15.7][2.,15.7,20.4][3.,7.5,12.5][3.,13.2,19.9][4.,8.0,14.0][4.,16.0,17.0][4.,17.2,20.0][5.,9.0,15.0][5.,18.1,20.4][5.,20.5,21.6][6.,7.59,14.0][6.,15.1,17.0][6.,19.3,21.1][7.,9.5,11.8][7.,12.4,14.9][7.,17.5,19.3][8.,7.0,8.30]
60  1990.6580000000001  消费数 6224.03  四个目标值 -1990.6580000000001 23 12.34196011385568 95.98697119976988 9 规划路径 60 40 53 38 20 19 17 35 33 31 4 3 5 43 42 37 24 25 2 1 26 18 36 规划时间 [10,14.4,7][0.,7.7,12.4][0.,13.6,19.7][1.,8.0,10.7][1.,11.6,15.2][2.,9.0,15.8][2.,15.8,19.4][2.,19.5,20.7][3.,7.5,11.9][3.,12.5,17.7][4.,8.0,14.0][4.,16.0,17.2][4.,17.4,19.5][5.,9.0,16.5][5.,19.5,20.8][5.,21.0,22.0][6.,7.90,14.1][6.,15.3,21.1][7.,7.0,11.9][7.,13.3,15.5][8.,8.5,14.8][8.,15.9,17.3][9.,9.0,16.5][10,9.0,12.5]
61  4724.696999999999  消费数 11242.69  四个目标值 -4724.696999999999 27 16.430161854705243 105.12137889493977 10 规划路径 60 40 53 45 46 47 26 35 33 31 4 3 5 75 41 37 24 62 65 67 73 76 36 52 22 61 63 规划时间 [12,13.5,7][0.,7.7,10.9][0.,12.1,13.3][0.,13.6,16.3][1.,8.5,14.7][1.,14.8,17.7][1.,17.7,21.2][2.,10.3,17.4][3.,7.5,14.0][3.,14.5,21.9][4.,7.20,12.5][4.,14.5,15.5][4.,15.5,20.7][5.,9.0,13.0][5.,16.5,17.5][6.,7.0,10.4][6.,11.1,15.0][6.,16.0,20.6][7.,8.0,15.6][7.,15.8,18.3][8.,8.5,9.59][8.,12.1,13.5][8.,15.9,17.8][9.,7.69,10.5][9.,13.5,21.4][10,10.3,13.5][11,8.5,15.1][12,9.0,10.5]
62  4449.556  消费数 9902.32  四个目标值 -4449.556 26 14.424712925037865 85.53725692257174 13 规划路径 60 46 53 38 20 19 26 12 33 31 54 3 27 43 41 37 24 62 4 1 73 76 36 52 35 61 规划时间 [9.,16.8,7][0.,7.7,8.8][0.,10.1,11.5][0.,13.7,16.0][0.,16.8,21.3][1.,7.39,10.1][1.,10.1,11.3][1.,14.2,19.2][2.,7.29,14.2][2.,18.0,21.0][3.,8.0,10.2][3.,12.4,15.9][3.,18.2,21.9][4.,7.90,9.29][4.,11.9,19.5][4.,20.2,21.2][5.,7.09,14.8][5.,15.9,18.6][5.,21.0,22.0][6.,8.30,14.5][6.,15.0,16.5][6.,19.5,20.9][7.,8.19,11.4][8.,9.0,15.1][8.,18.3,20.4][9.,8.5,10.8][9.,12.8,16.0]
63  5048.8330000000005  消费数 11824.26  四个目标值 -5048.8330000000005 27 16.49025376751075 114.33738659171775 9 规划路径 55 49 53 45 46 47 26 35 33 31 54 3 27 43 41 37 24 62 4 1 73 76 36 52 22 61 63 规划时间 [13,19.8,7][0.,7.7,14.4][1.,8.0,12.5][1.,15.1,16.2][2.,8.5,12.7][2.,12.7,20.0][2.,20.2,21.9][3.,11.0,18.7][4.,7.5,9.79][4.,10.4,15.5][5.,8.0,16.0][6.,10.0,15.0][6.,17.4,21.1][7.,7.19,9.09][7.,11.6,18.5][7.,19.3,21.6][8.,7.5,14.6][8.,15.8,21.5][9.,8.80,14.4][9.,15.6,17.1][10,8.5,10.3][10,13.4,15.0][10,17.3,18.3][11,8.30,14.0][11,17.1,21.5][12,10.3,11.5][12,14.3,16.3][13,9.0,16.8]
64  3314.6569999999997  消费数 8526.08  四个目标值 -3314.6569999999997 24 14.795689894434489 80.17227092868404 10 规划路径 55 40 53 45 46 47 26 35 33 31 4 3 27 43 41 37 24 62 65 67 73 76 36 52 规划时间 [9.,8.59,7][0.,7.7,11.4][0.,12.3,19.7][1.,8.0,11.1][1.,13.3,16.0][1.,16.1,17.4][1.,17.5,18.7][2.,8.0,14.7][3.,7.5,10.0][3.,10.7,14.5][3.,14.9,15.9][4.,7.0,10.4][4.,10.5,14.4][4.,15.4,16.5][4.,19.2,20.5][5.,7.0,14.8][5.,15.5,17.0][5.,18.1,20.4][6.,7.69,9.30][6.,9.40,10.8][6.,11.4,14.5][6.,17.0,21.8][7.,9.09,13.8][8.,9.0,16.0][8.,19.1,21.9]
65  5140.647  消费数 12010.98  四个目标值 -5140.647 27 15.146190018381525 104.08253251645456 13 规划路径 60 46 53 38 20 19 26 12 33 31 4 3 5 75 41 37 24 62 65 67 73 76 36 52 22 61 63 规划时间 [13,13.1,7][0.,7.7,15.7][0.,17.0,18.2][1.,8.0,10.1][1.,10.8,17.9][2.,9.0,15.6][2.,15.6,17.7][2.,20.7,21.7][3.,9.79,11.0][3.,14.9,19.7][4.,8.0,9.29][4.,11.2,13.5][4.,13.7,18.0][5.,9.0,15.1][6.,7.0,10.9][6.,14.9,18.5][7.,7.5,11.0][7.,12.0,19.9][8.,7.19,8.59][8.,8.69,16.3][9.,8.5,12.6][9.,15.3,18.0][9.,20.3,21.6][10,11.5,16.6][10,19.8,21.5][11,10.3,16.3][12,8.5,13.6][13,9.0,10.1]
66  2234.9420000000005  消费数 6440.13  四个目标值 -2234.9420000000005 24 12.707238997726467 87.48191729217996 10 规划路径 60 40 53 38 20 19 17 35 33 31 4 3 5 43 42 37 24 21 2 23 26 34 36 52 规划时间 [9.,8.40,7][0.,7.7,15.4][0.,16.6,20.6][1.,8.0,12.0][1.,12.7,19.7][2.,9.0,16.2][2.,16.2,19.0][2.,19.0,20.4][3.,7.5,9.79][3.,10.4,14.9][3.,15.2,16.4][4.,7.0,12.9][4.,13.0,20.7][5.,9.0,12.9][5.,16.0,20.3][5.,20.5,21.8][6.,7.69,9.69][6.,10.8,11.9][6.,14.0,16.4][6.,17.9,20.6][7.,9.5,11.5][7.,12.1,13.5][7.,14.6,16.0][8.,9.0,16.4][8.,19.5,21.6]
67  3379.35  消费数 9274.68  四个目标值 -3379.35 24 13.79760870486247 96.45148908516332 12 规划路径 60 46 53 38 20 19 26 35 33 31 4 3 5 54 41 37 24 62 65 67 73 76 36 52 规划时间 [11,7.80,7][0.,7.7,11.4][0.,12.7,15.1][1.,8.0,10.2][1.,11.0,18.7][2.,9.0,11.1][2.,11.1,16.5][2.,19.5,21.5][3.,8.40,13.5][3.,14.0,21.0][4.,8.0,12.2][4.,14.2,18.0][4.,18.0,21.4][5.,9.0,14.6][6.,10.0,12.1][6.,13.9,16.8][7.,7.5,15.4][7.,16.5,21.3][8.,8.59,14.1][8.,14.3,18.0][9.,8.5,11.0][9.,13.6,15.0][9.,17.3,20.9][10,10.8,16.1][10,19.3,21.1]
68  4081.4730000000004  消费数 9967.76  四个目标值 -4081.4730000000004 24 12.545786874689608 114.01629404819309 14 规划路径 60 40 53 38 20 19 26 12 33 31 78 3 27 43 56 37 24 62 65 67 73 69 34 52 规划时间 [12,15.5,7][0.,7.7,13.6][0.,14.8,20.9][1.,8.0,12.7][1.,13.5,18.2][2.,9.0,14.8][2.,14.8,16.0][2.,19.0,20.0][3.,8.0,15.0][3.,18.7,21.9][4.,7.20,11.4][4.,15.2,20.5][5.,9.19,17.0][6.,8.0,15.3][6.,17.9,19.1][7.,8.5,15.8][8.,7.5,13.0][8.,14.1,20.0][9.,7.40,10.4][9.,10.5,17.6][10,8.5,10.5][10,13.1,17.8][11,8.5,12.1][11,14.6,16.8][12,7.0,13.8]
69  2753.8570000000004  消费数 7759.04  四个目标值 -2753.8570000000004 26 13.581995116598957 110.39430984550208 10 规划路径 60 40 53 38 20 19 17 35 33 31 4 3 5 43 42 37 24 21 2 23 26 34 36 52 22 61 规划时间 [11,13.6,7][0.,7.7,11.1][0.,12.3,18.1][1.,8.0,14.5][1.,15.2,17.2][2.,9.0,10.7][2.,10.7,18.5][2.,18.7,20.5][3.,7.5,14.4][3.,15.0,22.0][4.,7.29,11.5][4.,13.5,17.2][4.,17.4,19.7][5.,9.0,12.1][5.,15.3,19.0][5.,19.3,21.0][6.,7.5,13.4][6.,14.5,19.8][7.,8.5,16.0][7.,17.5,20.8][8.,9.5,11.1][8.,11.9,18.5][9.,8.5,11.0][9.,12.0,15.1][9.,18.3,20.9][10,9.80,15.0][11,8.5,12.8]
70  4412.609999999999  消费数 10875.71  四个目标值 -4412.609999999999 25 14.495328521968936 112.01995530517476 13 规划路径 60 40 53 38 17 19 26 35 33 12 78 3 5 75 41 37 24 62 65 67 73 76 36 52 54 规划时间 [12,13.3,7][0.,7.7,14.6][0.,15.8,21.4][1.,8.0,13.5][1.,14.2,19.2][2.,9.0,15.5][2.,15.6,20.7][3.,8.70,13.0][3.,14.9,17.2][3.,17.9,20.7][4.,9.59,13.0][4.,16.5,20.4][5.,9.0,16.8][6.,9.0,11.4][6.,14.9,16.5][6.,20.5,21.8][7.,7.59,15.3][7.,16.4,20.4][8.,7.69,12.0][8.,12.1,16.5][9.,8.5,13.5][9.,16.1,19.0][10,7.0,12.6][11,9.0,15.3][11,18.5,21.3][12,8.60,12.6]
71  3487.8299999999995  消费数 9206.59  四个目标值 -3487.8299999999995 23 12.796586051746512 110.5224599397559 13 规划路径 60 46 53 38 20 19 26 12 33 31 4 3 27 43 41 37 24 62 65 67 73 76 36 规划时间 [11,17.8,7][0.,7.7,12.8][0.,14.1,17.5][1.,8.0,15.3][1.,16.2,19.5][2.,9.0,13.7][2.,13.7,21.5][3.,9.5,13.5][3.,16.5,20.2][4.,9.0,12.0][4.,12.4,15.5][5.,7.0,10.6][5.,10.8,18.0][6.,8.0,14.1][6.,16.8,21.3][7.,7.0,12.5][7.,13.4,16.9][7.,18.0,21.0][8.,8.40,9.5][8.,9.59,17.0][9.,8.5,13.0][9.,15.5,20.5][10,7.80,13.8][11,9.0,16.1]
72  3476.3819999999996  消费数 9824.29  四个目标值 -3476.3819999999996 25 15.245159613529545 108.81726990679282 9 规划路径 55 40 53 45 46 19 17 35 33 31 4 3 5 54 41 37 24 62 65 67 73 76 36 52 22 规划时间 [12,18.5,7][0.,7.7,15.5][0.,16.4,18.6][1.,8.0,12.3][1.,14.7,16.2][1.,16.4,17.4][1.,19.7,21.5][2.,9.0,15.5][3.,7.5,10.5][3.,11.2,16.2][4.,8.0,11.4][4.,13.4,17.2][4.,17.4,21.2][5.,9.0,13.8][6.,10.0,16.4][6.,18.0,21.4][7.,7.19,12.4][7.,13.5,21.1][8.,8.5,11.5][8.,11.6,16.1][9.,8.5,14.4][9.,17.0,19.9][10,7.19,12.3][11,9.0,13.6][11,16.6,19.6][12,8.5,16.3]
73  2949.963  消费数 8383.72  四个目标值 -2949.963 24 13.218727584159671 103.49148716669518 12 规划路径 60 40 53 38 20 19 26 23 33 31 4 3 68 43 41 37 24 62 65 67 73 76 59 52 规划时间 [10,21.3,7][0.,7.7,14.5][0.,15.7,21.8][1.,7.10,14.8][1.,15.7,17.9][2.,9.0,10.5][2.,10.5,13.7][2.,16.7,20.4][3.,9.5,12.2][3.,13.5,17.2][4.,8.0,9.90][4.,11.9,14.7][4.,14.9,22.0][5.,7.59,13.1][5.,16.5,19.5][5.,20.3,21.4][6.,7.19,10.5][6.,11.6,17.9][6.,20.1,21.4][7.,9.5,16.0][8.,8.5,13.0][8.,15.6,19.6][9.,7.0,14.9][10,8.0,10.6][10,12.3,19.6]
74  2259.6360000000004  消费数 6694.8  四个目标值 -2259.6360000000004 24 12.68755937433476 98.29538711069449 10 规划路径 60 46 53 38 20 19 17 35 33 31 4 3 27 43 42 37 24 28 2 23 26 34 36 25 规划时间 [10,8.59,7][0.,7.7,10.9][0.,12.2,16.9][1.,8.0,14.7][1.,15.5,19.7][2.,9.0,10.2][2.,10.2,15.7][2.,15.7,17.4][3.,7.5,13.0][3.,13.5,17.0][4.,8.0,10.5][4.,12.5,14.2][4.,14.2,20.4][5.,8.0,10.5][5.,13.0,15.5][5.,15.6,21.6][6.,7.59,14.8][6.,15.9,19.9][7.,7.5,12.6][7.,13.8,19.4][8.,9.5,11.5][8.,12.3,18.8][9.,8.5,14.5][9.,15.5,16.9][9.,18.0,21.1]
75  2268.885  消费数 6773.95  四个目标值 -2268.885 25 13.221172277621974 91.96938312924274 9 规划路径 60 40 53 38 16 19 17 35 33 31 4 3 5 43 42 37 24 28 2 23 26 18 36 25 22 规划时间 [9.,17.8,7][0.,7.7,11.3][0.,12.5,14.2][0.,14.5,15.6][0.,16.4,18.6][1.,9.0,15.2][1.,16.0,17.5][1.,17.6,19.9][2.,7.5,10.5][2.,11.1,14.7][2.,15.1,16.4][3.,7.0,15.0][3.,15.0,17.2][4.,9.0,10.9][4.,14.0,21.2][5.,7.0,12.3][5.,13.1,14.4][5.,15.5,20.9][6.,7.5,11.6][6.,12.8,19.1][7.,9.5,11.4][7.,12.0,16.8][8.,9.0,14.5][8.,15.5,16.5][8.,17.6,21.4][9.,9.0,15.5]
76  3336.7909999999997  消费数 9340.12  四个目标值 -3336.7909999999997 25 15.24682088828468 95.33131474810382 11 规划路径 55 40 53 45 46 19 26 35 33 31 4 3 68 43 41 37 24 62 65 67 73 76 59 52 54 规划时间 [10,16.6,7][0.,7.7,14.6][0.,15.5,20.6][1.,8.0,14.3][2.,8.5,12.3][2.,12.5,17.2][2.,19.7,21.0][3.,9.0,10.5][3.,12.5,14.5][3.,15.0,17.5][4.,8.0,13.5][4.,15.5,16.7][4.,16.9,18.0][4.,18.7,20.2][5.,8.59,11.0][5.,11.8,19.5][6.,7.5,15.0][6.,16.1,20.6][7.,8.0,12.1][7.,12.3,13.9][7.,14.5,16.5][7.,19.0,20.3][8.,7.59,13.0][9.,8.0,11.1][9.,12.8,18.3][10,10.0,15.8]
77  2962.2769999999996  消费数 7758.7  四个目标值 -2962.2769999999996 23 13.9436792675278 82.94489155396687 10 规划路径 60 40 53 45 46 47 26 35 33 31 4 3 27 43 41 37 24 62 65 67 73 69 36 规划时间 [9.,14.1,7][0.,7.7,10.9][0.,12.1,18.5][1.,8.0,10.1][1.,12.3,15.7][1.,15.7,17.4][1.,17.5,19.1][2.,8.29,10.8][2.,12.7,16.0][2.,16.5,19.5][3.,8.0,9.90][3.,11.9,17.4][3.,17.5,20.2][4.,8.0,14.0][4.,16.5,19.4][4.,20.0,21.9][5.,7.70,11.4][5.,12.5,18.8][6.,9.5,15.5][6.,15.6,16.8][7.,8.5,14.5][7.,17.1,21.8][8.,9.80,13.6][9.,9.0,12.4]
78  2801.318  消费数 7891.57  四个目标值 -2801.318 24 13.231881377738095 88.66731605704288 11 规划路径 60 40 53 38 20 19 17 35 33 31 4 3 5 43 42 37 24 62 65 67 73 76 36 52 规划时间 [10,7.30,7][0.,7.7,11.6][0.,12.8,17.2][1.,8.0,14.3][1.,15.2,19.2][2.,9.0,14.0][2.,14.0,19.9][3.,9.0,13.5][3.,14.5,16.4][3.,17.0,19.0][4.,8.0,12.9][4.,14.9,18.0][4.,18.0,20.7][5.,9.0,12.0][5.,15.1,19.8][5.,20.0,21.5][6.,7.40,8.90][6.,10.0,12.9][6.,15.1,16.9][6.,17.0,18.1][7.,8.5,10.5][7.,13.1,19.5][8.,7.0,13.5][9.,9.0,15.5][9.,18.6,20.5]
79  4248.547  消费数 10155.31  四个目标值 -4248.547 25 13.913286059303184 92.54718538710944 14 规划路径 60 46 53 38 20 19 26 35 33 31 78 3 27 43 41 37 24 62 65 67 73 76 36 52 22 规划时间 [10,14.6,7][0.,7.7,9.7][0.,11.0,16.3][1.,8.0,10.2][1.,11.1,16.2][2.,9.0,10.5][2.,10.5,18.2][3.,7.0,14.5][3.,16.4,17.4][3.,18.0,21.0][4.,8.0,9.5][4.,13.4,18.9][5.,7.5,11.6][5.,12.6,14.0][5.,16.6,20.6][6.,7.0,14.4][6.,15.1,16.9][6.,18.0,22.0][7.,9.30,11.5][7.,11.5,15.6][7.,16.3,17.5][7.,20.0,21.1][8.,8.5,15.8][9.,9.0,12.5][9.,15.6,21.6][10,10.5,12.5]
