0  4710.418  消费数 15153.76  四个目标值 -4710.418 30 17.834744883434634 106.02553439740001 7 6 规划路径 76 25 26 29 54 41 61 45 46 53 67 21 43 30 34 22 37 36 35 1 4 3 56 44 38 68 75 73 9 31 规划时间 [12,17.8,7][0.,10.1,17.2][1.,7.0,8.5][1.,9.39,15.2][1.,16.0,17.1][2.,10.0,16.4][2.,18.0,19.7][3.,8.5,11.0][3.,12.2,17.4][3.,17.5,21.4][4.,8.59,12.9][4.,15.7,16.7][5.,8.5,15.4][5.,17.4,20.6][6.,7.59,15.5][7.,8.5,14.5][7.,15.0,16.3][8.,7.5,13.9][8.,14.0,16.5][8.,16.5,17.5][9.,8.5,12.9][9.,13.4,16.5][9.,16.6,18.0][10,8.5,10.5][10,11.5,17.8][10,18.8,21.6][11,9.39,11.6][11,14.6,16.6][11,19.0,21.5][12,8.10,10.3][12,14.3,15.5]
1  8413.839  消费数 20032.83  四个目标值 -8413.839 31 15.638070705153652 94.48190161697303 7 7 规划路径 19 78 26 23 67 47 74 43 56 7 63 30 61 58 52 39 27 48 4 51 6 10 5 44 38 68 75 73 9 31 64 规划时间 [13,18.8,7][0.,9.0,13.0][0.,17.4,18.6][1.,7.5,9.29][1.,10.0,17.9][2.,8.5,11.7][2.,16.7,20.2][3.,11.5,15.7][3.,20.4,21.4][4.,7.40,9.09][4.,13.0,14.2][4.,16.0,17.4][4.,19.9,21.0][5.,8.59,10.5][5.,10.9,14.6][5.,16.1,19.0][6.,7.5,12.5][6.,14.5,15.5][7.,8.5,12.5][7.,16.9,18.0][8.,7.90,9.59][8.,14.5,16.3][8.,18.0,19.3][9.,9.0,14.0][9.,17.5,21.9][10,8.0,14.5][10,17.3,19.6][11,7.5,12.5][11,14.8,17.5][12,8.0,10.5][12,14.6,15.8][13,8.0,15.8]
2  6234.72  消费数 17054.72  四个目标值 -6234.72 27 12.638924938109607 119.65146469447751 15 7 规划路径 19 78 26 65 73 46 33 29 21 43 51 60 53 52 24 6 12 66 48 20 42 3 56 44 38 68 31 规划时间 [13,15.3,7][0.,9.0,16.9][1.,7.0,10.7][1.,14.6,21.7][2.,8.89,12.6][2.,14.7,20.0][3.,11.2,17.7][3.,20.7,21.9][4.,8.29,12.9][4.,14.0,16.2][4.,18.2,21.9][5.,9.59,15.3][5.,17.0,21.9][6.,8.59,10.8][6.,13.3,21.3][7.,10.3,18.1][8.,8.5,14.5][8.,16.4,18.5][9.,8.5,11.0][9.,15.4,16.5][10,9.0,10.1][10,11.3,18.6][11,8.5,13.0][11,15.3,17.0][11,18.0,21.6][12,7.80,15.5][12,18.1,21.6][13,9.10,13.0]
3  6034.546000000001  消费数 16498.97  四个目标值 -6034.546000000001 28 12.859175338623418 110.43434852986759 11 14 规划路径 39 25 26 65 56 17 33 29 74 43 40 60 53 13 69 6 12 66 48 20 61 34 46 44 38 68 78 73 规划时间 [13,17.3,7][0.,9.1,15.8][0.,17.0,20.7][1.,7.0,14.1][1.,16.2,21.7][2.,9.10,12.7][2.,14.5,17.5][2.,19.2,20.7][3.,7.09,10.4][3.,14.2,15.5][3.,20.2,21.9][4.,7.70,12.9][4.,14.0,18.9][5.,8.0,9.40][5.,13.8,14.9][6.,8.5,11.0][6.,11.8,15.1][6.,17.0,20.1][7.,7.09,12.4][8.,8.5,11.0][8.,13.5,15.5][9.,8.5,15.5][10,8.5,10.4][10,13.8,21.1][11,7.69,14.8][11,15.8,20.6][12,8.39,10.8][12,14.1,20.3][13,7.89,12.8]
4  3614.9199999999996  消费数 14723.02  四个目标值 -3614.9199999999996 29 16.040541978163624 130.92458036587033 9 6 规划路径 19 25 24 29 54 60 61 45 46 53 40 58 59 33 34 22 37 36 35 1 4 3 56 44 38 68 75 73 9 规划时间 [13,18.3,7][0.,9.0,16.1][0.,18.2,21.5][1.,7.0,11.7][1.,12.7,15.7][2.,10.0,13.7][2.,15.2,21.2][3.,8.5,15.2][4.,8.5,16.4][4.,16.5,21.0][5.,8.19,11.5][5.,11.9,17.5][5.,18.5,20.0][6.,8.0,15.6][6.,18.0,20.5][7.,8.5,13.1][7.,13.6,16.9][8.,7.5,10.4][8.,10.5,15.5][8.,15.5,17.0][9.,8.5,14.0][9.,14.5,16.6][9.,16.8,18.4][10,8.5,15.5][10,16.5,21.6][11,7.69,12.3][11,15.1,19.8][12,7.69,15.1][12,17.5,19.5][13,8.0,13.6]
5  2170.626  消费数 10974.68  四个目标值 -2170.626 24 12.918323559747744 105.44846559179865 7 6 规划路径 43 25 24 29 54 60 61 45 46 53 40 58 59 33 34 22 37 36 35 23 4 3 56 44 规划时间 [11,21.3,7][0.,8.0,15.1][0.,16.9,18.7][0.,18.8,19.8][1.,8.5,10.6][1.,12.6,15.5][1.,17.1,20.6][2.,8.5,15.5][3.,8.5,15.0][3.,15.2,16.2][4.,8.0,11.0][4.,11.4,19.2][5.,8.30,13.4][5.,13.8,15.8][5.,18.1,20.4][6.,8.5,15.6][7.,9.0,13.0][7.,14.1,16.9][8.,9.0,16.8][9.,7.5,15.0][9.,16.9,19.6][10,7.0,8.0][10,8.09,15.8][11,8.5,11.6][11,12.6,20.6]
6  7168.176  消费数 18025.96  四个目标值 -7168.176 26 11.915663744978112 102.85135482915008 15 10 规划路径 19 78 26 65 73 46 33 29 49 43 69 60 53 52 24 25 12 66 48 20 61 3 56 44 38 74 规划时间 [13,15.3,7][0.,9.0,10.1][0.,14.5,20.6][1.,9.5,10.8][1.,13.1,19.5][2.,7.0,14.5][2.,20.7,21.7][3.,9.79,17.2][4.,8.5,15.2][5.,8.0,10.0][5.,12.5,20.5][6.,9.09,16.8][6.,21.0,22.0][7.,8.69,16.0][7.,18.5,20.5][8.,9.5,14.5][8.,14.5,15.8][8.,19.0,20.5][9.,7.5,14.9][10,8.5,13.8][11,9.0,10.1][11,12.3,16.6][11,20.3,21.6][12,9.0,10.3][12,11.3,15.3][12,16.3,19.3][13,9.19,10.8]
7  4207.125  消费数 15421.91  四个目标值 -4207.125 29 17.141327726494456 122.67386329215698 6 6 规划路径 76 25 26 29 54 41 61 45 46 53 40 58 59 15 34 22 37 36 35 1 4 3 56 44 38 68 75 73 9 规划时间 [13,15.8,7][0.,10.1,16.1][0.,20.6,21.8][1.,7.69,11.5][1.,12.2,15.7][2.,10.0,14.0][2.,15.7,18.2][3.,8.5,15.5][4.,8.5,14.5][4.,14.5,17.5][5.,8.0,12.9][5.,13.1,17.0][5.,18.1,20.4][6.,8.0,13.5][6.,15.6,20.0][7.,8.5,10.5][7.,11.0,15.9][8.,7.5,14.5][8.,14.5,16.4][8.,16.4,17.4][9.,8.5,13.9][9.,14.4,17.0][9.,17.1,21.0][10,8.30,15.3][10,16.3,21.8][11,8.0,10.1][11,12.8,19.8][12,7.80,12.1][12,14.6,20.6][13,7.19,11.1]
8  7814.844  消费数 18829.84  四个目标值 -7814.844 29 14.69034973899074 106.5376686116917 14 8 规划路径 19 78 26 23 67 46 33 29 49 43 69 60 53 52 24 6 12 66 48 65 61 3 56 44 8 68 75 73 9 规划时间 [13,21.1,7][0.,9.0,15.0][0.,19.4,21.3][1.,10.2,12.2][1.,13.0,18.4][2.,8.5,12.6][2.,17.5,21.2][3.,9.29,14.9][3.,16.2,17.4][4.,8.0,11.0][4.,13.5,18.2][5.,8.5,14.0][5.,18.3,21.1][6.,7.90,10.5][6.,13.0,14.3][6.,18.3,21.5][7.,8.19,11.0][7.,12.8,16.3][8.,8.5,15.8][9.,8.5,14.0][9.,18.5,21.3][10,10.0,14.0][10,17.8,20.8][11,8.19,13.1][11,14.1,21.1][12,10.8,16.0][12,17.6,19.3][13,7.19,8.80][13,11.1,13.8][13,15.3,16.5]
9  5393.703000000001  消费数 14778.13  四个目标值 -5393.703000000001 26 12.008486867079496 84.3124049269089 9 14 规划路径 39 25 26 65 56 17 33 29 74 43 40 60 53 13 69 6 12 66 48 20 61 34 46 44 38 68 规划时间 [11,17.8,7][0.,9.1,12.2][0.,13.4,17.0][0.,17.9,19.6][1.,9.5,16.5][2.,8.5,12.7][2.,14.5,18.0][2.,19.7,21.7][3.,8.20,13.0][4.,8.5,9.70][4.,14.4,15.9][4.,16.7,18.7][4.,19.9,21.5][5.,8.19,11.5][5.,16.0,17.0][6.,8.5,14.5][6.,15.3,17.3][6.,19.0,20.3][7.,7.19,9.30][7.,13.6,16.0][8.,9.0,14.6][9.,8.5,13.0][9.,16.0,17.4][9.,20.8,21.9][10,8.5,15.0][10,16.1,18.8][11,7.0,14.6]
10  3119.604  消费数 12822.71  四个目标值 -3119.604 28 15.41932221716718 104.60714004652957 9 6 规划路径 43 25 24 29 54 60 61 45 46 53 40 58 59 33 34 22 37 36 35 1 4 3 56 44 38 68 62 73 规划时间 [10,21.8,7][0.,8.0,15.4][0.,17.2,20.6][0.,20.7,22.0][1.,7.89,8.89][1.,10.8,15.2][1.,16.7,20.2][2.,8.5,13.7][2.,15.1,17.5][2.,17.5,19.7][3.,7.0,8.70][3.,9.0,16.0][3.,17.0,18.5][4.,8.0,9.59][4.,12.0,17.5][5.,8.5,10.9][5.,11.4,14.5][5.,15.6,16.8][6.,9.0,10.9][6.,10.9,15.6][7.,8.5,16.0][7.,16.5,17.8][7.,17.9,21.6][8.,9.0,16.9][8.,17.9,21.0][9.,7.09,13.5][9.,16.3,21.6][10,7.40,11.5][10,13.8,17.3]
11  5913.571  消费数 15770.02  四个目标值 -5913.571 25 12.434139137976977 79.15683777073205 15 6 规划路径 19 78 26 65 73 46 33 29 49 43 69 60 53 52 24 25 12 66 35 1 4 3 6 44 38 规划时间 [10,14.9,7][0.,9.0,10.8][0.,15.2,19.5][1.,8.39,13.5][1.,15.7,20.7][2.,7.89,11.3][2.,17.7,18.9][3.,7.0,12.5][3.,13.9,15.0][4.,8.0,13.0][4.,15.5,18.9][5.,7.5,12.5][5.,16.8,20.0][6.,8.0,10.9][6.,13.4,14.8][6.,18.8,20.0][6.,20.1,21.3][7.,9.59,10.8][7.,12.6,16.1][8.,7.5,13.3][8.,15.9,16.9][9.,7.0,12.1][9.,12.3,14.9][9.,15.0,17.0][9.,20.1,21.6][10,7.80,13.0]
12  7713.731999999999  消费数 18399.78  四个目标值 -7713.731999999999 30 15.65968722594545 106.9965558814743 13 6 规划路径 19 78 26 65 11 46 33 29 49 43 51 76 53 52 24 6 12 66 48 1 4 3 56 44 8 68 75 73 9 31 规划时间 [13,18.6,7][0.,9.0,10.5][0.,14.9,19.4][1.,8.29,13.2][1.,15.3,18.7][2.,8.0,13.1][2.,19.5,21.9][3.,9.90,13.4][3.,14.7,16.9][4.,8.0,15.2][4.,17.7,21.7][5.,9.40,11.5][5.,14.8,19.0][6.,8.40,15.1][6.,17.6,19.0][7.,8.09,14.5][7.,16.0,17.3][7.,19.0,21.5][8.,8.5,10.8][8.,15.1,16.4][9.,8.5,13.9][9.,14.4,17.5][9.,17.6,20.3][10,7.59,11.6][10,12.6,17.1][11,7.0,11.0][11,12.6,16.1][12,7.0,9.0][12,11.3,18.1][13,8.0,9.69][13,13.8,16.3]
13  3599.853  消费数 12002.07  四个目标值 -3599.853 25 12.58385965219961 80.95658426707858 8 11 规划路径 19 25 26 29 54 60 61 45 46 53 40 1 10 13 69 6 12 66 48 20 4 3 56 44 38 规划时间 [9.,21.9,7][0.,9.0,16.5][0.,18.6,20.5][1.,7.0,10.0][1.,10.7,13.3][1.,15.3,16.7][1.,18.2,21.7][2.,8.5,12.3][2.,13.7,17.4][2.,17.5,20.2][3.,7.40,10.5][3.,10.9,17.2][4.,8.5,10.7][4.,12.5,16.2][4.,16.2,17.5][5.,8.5,11.5][5.,12.3,14.6][5.,16.5,17.6][6.,8.5,13.1][7.,8.5,15.0][8.,9.0,13.3][8.,16.5,17.8][8.,17.9,19.4][9.,8.5,10.9][9.,11.9,15.9][9.,17.0,20.0]
14  2750.4839999999995  消费数 11450.48  四个目标值 -2750.4839999999995 27 14.97871720291835 98.89143240421703 8 6 规划路径 43 25 24 29 54 60 61 45 46 53 40 58 59 33 34 22 37 36 35 1 4 3 56 44 38 68 67 规划时间 [10,20.1,7][0.,8.0,12.8][0.,14.6,19.7][0.,19.8,22.0][1.,7.89,15.7][2.,10.0,14.2][2.,15.8,17.0][3.,8.5,9.79][3.,11.0,16.4][3.,16.5,21.2][4.,8.40,15.9][4.,16.2,17.5][4.,18.5,20.4][5.,8.0,10.1][5.,12.5,15.3][5.,16.1,17.1][6.,9.0,10.9][6.,12.0,13.5][6.,13.6,16.8][7.,7.5,12.4][7.,15.0,16.8][8.,7.0,14.4][8.,14.5,21.0][9.,8.30,11.9][9.,12.9,16.0][9.,17.0,21.0][10,8.80,14.0][10,14.3,16.8]
15  3306.0969999999993  消费数 12926.15  四个目标值 -3306.0969999999993 29 15.83575276289619 101.82843194543818 9 6 规划路径 43 25 24 29 54 60 61 45 46 53 40 58 59 31 34 22 37 36 35 1 4 3 56 44 38 42 75 73 78 规划时间 [11,12.3,7][0.,8.0,15.1][0.,16.9,18.8][0.,18.9,21.0][1.,8.5,13.7][1.,15.7,16.9][1.,18.5,21.2][2.,8.5,9.79][2.,11.1,15.2][2.,15.2,19.2][3.,8.0,15.5][3.,15.7,21.0][4.,7.20,11.0][4.,11.5,15.2][5.,8.0,15.0][5.,16.1,17.4][6.,9.0,15.6][7.,7.5,10.8][7.,10.9,13.4][7.,13.4,15.4][8.,8.5,10.5][8.,11.0,15.3][8.,15.4,18.4][9.,8.5,10.8][9.,11.8,14.4][9.,15.5,21.3][10,7.19,11.3][10,15.0,16.6][10,19.0,20.5][11,8.0,9.89]
16  6534.715  消费数 17154.72  四个目标值 -6534.715 25 11.785248529271666 95.76090161474526 15 8 规划路径 19 78 26 65 73 46 33 29 49 43 69 60 53 52 24 63 12 66 48 20 61 3 56 44 38 规划时间 [12,13.1,7][0.,9.0,10.3][0.,14.7,17.4][1.,7.0,9.0][1.,11.2,18.4][1.,20.6,22.0][2.,13.2,17.2][2.,20.2,21.5][3.,8.0,14.5][4.,8.0,15.0][4.,17.5,18.9][5.,7.5,11.0][5.,15.3,19.4][6.,8.0,13.8][6.,16.3,21.0][7.,10.0,12.1][7.,14.4,17.4][7.,19.0,21.9][8.,8.80,15.5][9.,8.5,14.4][10,9.0,11.5][10,13.6,15.8][10,19.5,21.8][11,9.19,14.3][11,15.3,21.5][12,7.60,11.3]
17  2369.736  消费数 10648.79  四个目标值 -2369.736 26 13.73750541663561 87.29699765168722 8 6 规划路径 43 25 24 29 54 60 61 45 46 53 40 58 59 33 34 22 37 36 35 23 4 3 56 44 38 42 规划时间 [9.,11.0,7][0.,8.0,11.6][0.,13.4,19.4][0.,19.5,21.5][1.,7.39,12.7][1.,14.7,16.6][1.,18.2,20.6][2.,8.5,11.0][2.,12.2,13.8][2.,14.0,19.5][3.,8.0,15.9][3.,16.2,20.2][4.,8.29,10.0][4.,10.4,12.5][4.,14.9,17.2][5.,8.5,14.0][5.,14.5,16.4][6.,7.5,11.5][6.,11.6,16.8][7.,7.5,15.4][7.,17.1,18.4][8.,7.0,8.09][8.,8.19,12.8][8.,15.0,16.4][8.,17.4,19.3][8.,20.4,21.5][9.,7.5,10.0]
18  2357.88  消费数 11391.94  四个目标值 -2357.88 25 13.22202079657146 112.84970011331724 8 6 规划路径 43 25 24 29 54 60 61 45 46 53 40 58 59 33 34 22 37 36 35 23 4 3 56 44 38 规划时间 [12,8.19,7][0.,8.0,10.7][0.,12.5,18.9][0.,19.0,20.7][1.,8.5,15.7][2.,10.0,15.8][2.,17.5,19.0][3.,8.5,14.7][3.,16.0,17.4][3.,17.5,20.5][4.,7.70,10.2][4.,10.5,18.4][5.,8.30,16.0][6.,8.0,14.8][6.,17.1,21.0][7.,8.5,14.8][7.,15.3,16.4][8.,7.5,14.3][8.,14.4,17.0][9.,7.5,12.5][9.,14.4,20.5][10,7.0,13.1][10,13.3,16.1][11,8.5,12.0][11,13.0,16.1][11,17.3,21.3]
19  3663.929  消费数 13422.03  四个目标值 -3663.929 30 16.60501483510804 93.52627164903956 9 6 规划路径 43 25 24 29 54 60 61 45 46 53 40 58 59 33 34 22 37 36 35 1 4 3 56 44 38 68 75 73 9 31 规划时间 [10,18.0,7][0.,8.0,9.5][0.,11.3,13.6][0.,13.7,16.5][1.,8.5,12.6][1.,14.6,16.1][1.,17.7,18.7][2.,8.5,10.8][2.,12.2,15.1][2.,15.2,20.5][3.,7.70,15.7][3.,16.0,20.5][4.,8.29,13.2][4.,13.7,15.7][4.,18.2,19.7][5.,8.5,11.0][5.,11.5,16.4][6.,7.5,15.1][6.,15.3,16.8][7.,7.5,9.0][7.,11.5,14.8][7.,15.3,16.8][7.,16.9,20.1][8.,7.5,9.30][8.,10.3,11.9][8.,13.0,17.3][8.,20.0,21.1][9.,9.09,11.6][9.,14.0,20.5][10,7.09,9.0][10,13.0,15.5]
20  3259.9789999999994  消费数 13548.41  四个目标值 -3259.9789999999994 27 15.239074392146081 128.34925038697338 7 6 规划路径 19 25 26 29 54 60 47 45 46 53 40 58 59 6 34 22 37 36 35 1 4 3 56 44 38 42 75 规划时间 [13,17.6,7][0.,9.0,16.0][0.,18.1,20.4][1.,7.0,13.0][1.,13.7,16.9][2.,10.0,11.2][2.,12.7,16.4][2.,17.7,21.0][3.,8.5,15.0][3.,15.0,21.7][4.,9.0,16.9][4.,17.2,21.2][5.,7.40,9.69][5.,10.0,17.0][6.,8.5,10.5][6.,12.4,15.9][7.,9.0,16.0][8.,7.5,13.1][8.,13.3,16.9][9.,7.5,14.0][10,8.5,10.5][10,11.0,15.9][10,16.0,20.3][11,7.69,9.89][11,10.8,14.6][11,15.8,21.8][12,7.69,15.1][13,7.0,14.8]
21  5128.662  消费数 14480.13  四个目标值 -5128.662 25 11.384342380810272 86.40067932329515 11 11 规划路径 19 25 26 65 56 17 33 29 74 43 40 60 53 13 69 6 12 66 52 20 61 3 5 44 38 规划时间 [11,21.3,7][0.,9.0,11.3][0.,13.4,14.6][0.,15.5,20.8][1.,8.0,12.7][1.,15.2,16.4][1.,18.2,20.7][2.,7.5,15.2][3.,8.5,15.2][4.,8.5,11.7][4.,16.4,17.5][4.,18.2,21.5][5.,7.70,11.9][5.,13.5,15.1][6.,8.5,9.59][6.,11.3,17.3][7.,8.5,11.0][7.,12.8,17.5][8.,8.5,11.4][8.,15.9,20.4][9.,8.69,15.3][10,8.5,13.0][10,16.6,19.0][11,9.0,11.6][11,15.1,17.3][11,18.5,19.6]
22  5638.073999999999  消费数 16909.12  四个目标值 -5638.073999999999 27 14.724405168708001 122.14855436555594 13 5 规划路径 19 25 26 65 73 46 33 58 49 43 69 60 53 52 24 6 62 31 35 1 4 3 56 44 38 68 75 规划时间 [13,16.8,7][0.,9.0,16.7][0.,18.8,20.7][1.,7.0,9.5][1.,11.7,18.0][1.,20.2,21.5][2.,12.7,14.7][2.,17.7,20.2][3.,7.70,14.9][4.,8.0,11.7][4.,14.2,19.4][5.,8.0,13.1][5.,17.4,21.6][6.,8.40,12.3][6.,14.8,20.0][7.,9.09,15.9][8.,8.5,12.3][8.,13.5,19.6][9.,7.30,15.0][9.,15.6,17.0][10,8.5,15.0][10,15.5,17.1][10,17.1,18.6][11,8.5,15.8][11,16.8,21.3][12,7.5,10.6][12,13.3,20.1][13,8.10,14.1]
23  6896.664  消费数 18102.47  四个目标值 -6896.664 29 15.422670569899882 115.77493260118347 15 5 规划路径 19 78 26 65 77 46 33 29 49 43 69 60 53 52 24 6 12 36 35 1 4 3 56 44 38 68 75 73 9 规划时间 [13,16.6,7][0.,9.0,15.1][0.,19.5,21.3][1.,10.2,17.1][1.,19.2,21.2][2.,9.20,10.8][2.,15.7,20.9][3.,8.90,10.2][3.,11.7,17.0][4.,8.0,10.2][4.,12.7,17.0][5.,8.5,12.5][5.,16.6,20.9][6.,7.59,9.5][6.,12.0,19.4][7.,8.40,13.4][7.,15.0,16.4][7.,18.1,20.4][8.,9.69,14.3][8.,14.3,17.4][9.,8.5,15.5][9.,16.0,17.5][9.,17.5,21.8][10,9.09,16.3][10,17.3,19.5][10,20.6,22.0][11,9.69,15.3][12,7.0,14.8][12,17.3,21.3][13,8.0,11.8]
24  7145.973  消费数 17723.76  四个目标值 -7145.973 27 12.959161517756197 98.3621164268048 15 9 规划路径 19 78 26 65 73 46 33 29 49 43 69 60 53 52 24 25 12 66 48 20 61 3 56 44 38 68 76 规划时间 [12,18.8,7][0.,9.0,11.2][0.,15.6,17.7][1.,7.0,14.6][1.,16.7,20.1][2.,7.29,9.29][2.,15.6,16.7][2.,19.7,21.9][3.,8.29,13.4][4.,8.0,12.5][4.,15.0,18.7][5.,7.29,12.0][5.,16.3,20.6][6.,7.40,12.3][6.,14.8,21.1][7.,10.1,17.8][7.,17.9,21.8][8.,10.0,13.5][8.,15.4,16.4][9.,8.5,16.0][10,9.0,11.5][10,13.6,15.0][10,18.8,20.5][11,7.80,10.6][11,11.6,16.0][11,17.1,20.8][12,8.60,9.89][12,13.1,15.8]
25  5389.66  消费数 16215.12  四个目标值 -5389.66 27 13.8247321200109 126.75414321628378 11 8 规划路径 39 25 26 65 73 28 33 29 49 43 69 60 53 52 24 6 62 66 35 23 4 3 56 44 38 68 75 规划时间 [13,15.3,7][0.,9.1,10.2][0.,11.4,14.4][0.,15.3,20.3][1.,7.5,12.1][1.,14.2,20.9][2.,9.5,16.7][2.,18.2,20.4][3.,8.5,14.2][4.,8.0,13.5][4.,16.0,19.7][5.,8.40,14.9][5.,19.0,21.0][6.,7.80,11.9][6.,14.4,18.5][7.,7.59,11.6][7.,13.3,15.8][7.,17.0,21.0][8.,7.19,13.8][9.,7.5,8.80][9.,10.5,17.0][10,7.0,12.4][10,12.5,20.0][11,7.30,13.0][11,14.0,20.5][12,7.0,14.1][12,16.8,20.6][13,8.5,12.6]
26  4177.4490000000005  消费数 15037.03  四个目标值 -4177.4490000000005 29 15.516790579990069 129.2936967585485 8 8 规划路径 19 25 24 29 54 60 61 45 46 53 39 41 59 23 34 6 37 36 35 1 4 3 56 44 38 68 75 73 9 规划时间 [13,19.3,7][0.,9.0,15.1][0.,17.2,21.0][1.,7.0,12.1][1.,13.0,15.2][2.,10.0,13.6][2.,15.2,20.2][3.,8.5,15.2][4.,8.5,15.7][4.,15.7,16.9][5.,8.0,10.0][5.,11.0,17.3][5.,18.3,21.4][6.,7.90,15.8][6.,19.0,21.0][7.,7.30,14.5][7.,16.4,17.5][8.,7.5,14.4][8.,14.5,16.0][8.,16.0,17.3][9.,8.5,11.5][9.,12.0,13.3][9.,13.4,18.6][10,8.5,15.8][10,16.8,21.3][11,7.39,9.69][11,12.3,20.3][12,8.19,15.8][12,18.1,20.8][13,7.39,14.6]
27  6637.744  消费数 17529.74  四个目标值 -6637.744 26 12.34964351744895 113.6063290484459 15 8 规划路径 19 78 26 65 73 46 33 29 49 43 69 60 53 52 24 6 12 66 48 20 4 3 56 44 38 68 规划时间 [13,19.3,7][0.,9.0,11.2][0.,15.6,21.3][1.,10.2,16.7][1.,19.0,20.2][2.,7.39,9.10][2.,15.3,19.7][3.,7.70,14.7][3.,16.2,17.2][4.,8.0,14.7][4.,17.2,20.0][5.,8.69,15.0][5.,19.3,21.6][6.,8.40,11.5][6.,14.0,17.4][7.,7.0,13.9][7.,15.5,16.9][7.,18.6,20.5][8.,7.5,11.8][9.,8.5,15.0][10,9.0,14.9][11,7.0,12.1][11,12.3,19.8][12,7.19,12.1][12,13.1,16.8][12,18.0,21.3][13,9.0,16.1]
28  7435.468999999999  消费数 18220.47  四个目标值 -7435.468999999999 28 13.79576802457083 98.0045996179611 14 9 规划路径 39 78 26 23 67 46 33 29 49 43 69 60 53 52 24 6 12 66 48 65 61 3 56 44 38 68 75 73 规划时间 [13,10.6,7][0.,9.1,10.5][0.,15.0,19.2][1.,8.10,12.6][1.,13.2,17.7][2.,8.5,15.1][2.,20.0,21.5][3.,9.59,11.7][3.,13.2,15.0][4.,8.0,11.0][4.,13.5,18.2][5.,8.5,12.3][5.,16.5,17.9][6.,8.0,15.9][6.,18.4,19.5][7.,8.5,12.9][7.,14.5,16.4][7.,18.1,20.3][8.,7.19,14.5][9.,8.5,12.5][9.,17.0,19.3][10,8.09,15.5][10,19.1,20.3][11,7.60,12.1][11,13.1,19.0][11,20.1,21.3][12,9.10,11.6][12,14.6,16.8][12,19.3,21.1]
29  5471.265000000001  消费数 15215.69  四个目标值 -5471.265000000001 26 12.126922171801649 93.27885066475503 10 13 规划路径 19 25 26 65 56 17 33 29 74 43 40 60 53 13 69 6 12 66 48 20 61 34 46 44 38 68 规划时间 [12,14.3,7][0.,9.0,15.4][0.,17.5,20.7][1.,7.0,9.29][1.,11.5,13.6][1.,16.0,17.2][1.,19.0,20.5][2.,7.20,12.2][2.,13.6,15.7][3.,8.5,12.7][3.,17.5,19.7][3.,20.5,21.7][4.,8.0,14.5][5.,8.0,12.8][6.,8.5,15.6][7.,8.5,13.9][7.,14.6,16.5][7.,18.4,20.6][8.,7.59,10.5][8.,15.0,16.1][9.,9.0,10.4][9.,12.5,16.6][10,8.5,12.8][10,16.1,20.1][11,7.0,12.3][11,13.5,20.8][12,8.5,11.1]
30  3937.7840000000006  消费数 12455.38  四个目标值 -3937.7840000000006 25 12.65621370890141 80.76695238505076 7 10 规划路径 19 25 26 29 54 41 61 45 46 53 40 58 59 33 34 6 37 66 48 20 42 3 56 44 38 规划时间 [10,8.40,7][0.,9.0,16.9][0.,19.0,20.9][1.,7.0,14.1][1.,14.7,17.0][2.,10.0,15.3][2.,17.0,20.5][3.,7.09,13.0][3.,14.4,17.0][3.,17.0,20.0][4.,7.29,10.5][4.,10.9,14.9][4.,16.0,20.2][5.,8.0,9.69][5.,12.0,14.1][5.,15.0,16.9][6.,8.5,12.5][6.,15.0,16.5][7.,8.5,11.8][8.,8.5,10.6][8.,13.0,15.6][8.,16.8,18.5][9.,8.5,13.4][9.,15.6,17.0][9.,18.0,19.1][9.,20.3,21.5]
31  5684.606  消费数 16858.7  四个目标值 -5684.606 28 15.932096615316379 104.75059956906615 6 8 规划路径 76 25 51 29 54 41 61 45 46 53 65 69 59 33 34 22 37 36 66 1 4 3 56 44 10 68 75 73 规划时间 [13,10.0,7][0.,10.1,16.1][0.,20.6,21.9][1.,11.3,12.6][2.,8.5,13.2][2.,15.2,16.2][2.,18.0,21.7][3.,8.40,12.4][3.,13.7,17.5][3.,17.5,21.2][4.,8.40,14.5][4.,17.4,20.9][5.,8.5,16.4][6.,8.0,9.69][6.,12.0,15.0][6.,15.9,17.3][7.,9.0,16.3][8.,7.5,9.30][8.,9.40,11.5][8.,15.0,16.5][9.,8.5,13.8][9.,14.3,17.0][9.,17.0,20.8][10,8.09,15.6][10,16.6,18.5][11,8.30,12.6][11,14.3,16.6][12,7.0,14.3][12,16.8,20.5]
32  6022.691  消费数 16557.53  四个目标值 -6022.691 28 13.125507298138166 115.31809488047216 13 11 规划路径 19 25 26 65 56 17 33 29 74 43 40 60 53 13 69 6 12 66 52 20 61 3 5 44 38 78 75 73 规划时间 [13,21.8,7][0.,9.0,16.4][0.,18.5,21.4][1.,7.30,12.1][1.,14.2,17.2][2.,8.5,10.6][2.,12.3,17.9][2.,19.5,20.9][3.,7.29,11.7][3.,15.5,17.5][4.,7.20,13.7][4.,14.5,16.5][4.,17.7,19.0][5.,8.0,15.1][6.,8.5,14.0][6.,15.6,17.4][7.,8.5,15.4][7.,17.1,20.5][8.,7.5,13.5][8.,18.0,20.4][9.,8.69,14.4][10,8.5,9.5][10,13.1,20.1][11,9.0,16.3][11,19.6,21.8][12,7.89,13.6][12,17.8,20.3][13,7.0,13.3][13,15.8,17.3]
33  4686.299999999999  消费数 15504.83  四个目标值 -4686.299999999999 28 15.60076258785585 120.77154722526845 12 6 规划路径 19 25 26 29 54 60 47 45 46 53 65 69 43 52 24 6 62 36 35 1 4 3 56 44 38 68 75 73 规划时间 [13,8.39,7][0.,9.0,12.9][0.,15.0,17.8][0.,18.7,20.9][1.,8.5,15.6][2.,10.0,14.2][2.,15.8,19.9][3.,7.0,14.7][3.,14.7,16.7][3.,16.9,19.2][4.,8.0,14.2][4.,17.0,19.2][5.,8.5,16.1][5.,19.8,21.9][6.,9.30,13.6][6.,17.6,18.9][7.,8.5,15.0][7.,16.3,22.0][8.,10.0,15.3][8.,15.3,16.9][9.,8.5,12.4][9.,12.9,14.3][9.,14.4,19.9][10,7.19,13.5][10,14.5,20.1][11,7.0,14.3][11,17.0,21.6][12,9.5,12.3][12,14.8,18.8]
34  4552.554999999999  消费数 15822.28  四个目标值 -4552.554999999999 29 16.10047457581565 128.91505920649576 10 7 规划路径 19 25 26 29 54 60 47 45 46 53 65 69 43 27 34 22 37 32 35 20 4 3 56 44 38 68 75 73 9 规划时间 [13,19.1,7][0.,9.0,11.6][0.,13.7,18.3][0.,19.2,21.2][1.,8.5,12.2][1.,14.2,16.2][1.,17.7,20.2][2.,7.0,14.0][2.,14.1,15.7][2.,15.7,21.7][3.,9.0,16.0][3.,18.7,20.9][4.,8.5,11.2][4.,14.9,19.7][5.,7.29,13.0][5.,14.3,15.9][6.,9.0,15.8][7.,7.5,13.5][7.,14.5,16.5][8.,7.5,14.3][8.,15.3,16.4][9.,7.0,15.0][9.,15.0,21.3][10,8.59,14.1][10,15.1,21.1][11,7.30,13.8][11,16.6,19.1][12,7.0,9.39][12,11.8,18.0][13,8.0,14.5]
35  2609.0379999999996  消费数 10707.47  四个目标值 -2609.0379999999996 25 14.11996852513238 91.35434398950656 7 5 规划路径 19 25 26 29 54 60 47 45 46 53 40 58 59 15 34 22 37 36 35 1 4 3 56 44 38 规划时间 [9.,8.09,7][0.,9.0,13.6][0.,15.7,21.3][1.,7.19,10.7][1.,11.5,13.8][1.,15.8,17.0][1.,18.6,21.7][2.,8.20,9.29][2.,9.39,15.7][2.,15.8,19.2][3.,8.0,13.9][3.,14.2,20.2][4.,8.29,10.7][4.,11.0,15.7][4.,17.9,19.0][5.,8.5,14.9][5.,15.4,16.6][6.,7.5,13.0][6.,13.1,15.6][6.,15.6,17.0][7.,8.5,11.9][7.,12.4,15.6][7.,15.8,21.5][8.,8.90,14.9][8.,15.9,18.5][8.,19.5,21.3]
36  6864.7570000000005  消费数 17724.76  四个目标值 -6864.7570000000005 26 12.121292213494236 110.07162573885998 15 9 规划路径 19 78 26 65 73 46 33 29 49 43 69 60 53 52 24 6 12 66 48 20 61 3 56 44 38 68 规划时间 [13,21.8,7][0.,9.0,17.0][1.,7.0,14.0][1.,17.9,19.2][2.,9.5,12.5][2.,14.7,20.0][3.,11.2,17.7][3.,20.7,21.9][4.,8.29,14.7][5.,8.0,9.19][5.,11.6,18.8][6.,7.40,12.0][6.,16.1,20.4][7.,7.09,14.0][7.,16.5,17.5][8.,7.0,11.4][8.,13.0,16.5][8.,18.3,21.0][9.,8.0,12.5][10,8.5,11.3][10,13.6,14.9][11,8.5,12.8][11,16.6,18.8][12,8.5,16.3][12,17.3,21.3][13,7.39,14.0][13,16.6,18.6]
37  5830.561  消费数 16155.42  四个目标值 -5830.561 27 12.884485746363206 94.8349728266277 6 12 规划路径 39 78 57 23 15 17 33 29 74 43 40 1 10 13 69 6 12 73 48 20 61 34 56 44 38 68 75 规划时间 [13,14.0,7][0.,9.1,16.6][1.,7.0,10.0][1.,13.2,16.7][1.,19.9,20.9][2.,8.79,13.2][2.,13.3,14.7][2.,16.5,18.0][3.,8.5,13.5][4.,8.5,13.4][4.,18.0,19.5][4.,20.2,21.4][5.,9.09,11.3][5.,13.1,17.8][6.,8.5,10.5][6.,12.3,15.9][7.,8.5,12.5][7.,14.3,21.1][8.,8.19,13.0][9.,8.5,13.0][9.,15.5,16.5][10,8.5,12.9][10,15.8,17.1][11,8.5,10.6][11,11.6,16.0][11,17.1,19.5][12,7.19,14.3][13,7.0,11.3]
38  6260.2029999999995  消费数 17456.01  四个目标值 -6260.2029999999995 27 14.640100404805622 120.1538798680809 14 5 规划路径 19 78 26 65 73 46 33 29 49 43 69 60 53 52 24 6 62 36 35 1 4 3 56 44 38 68 75 规划时间 [13,19.6,7][0.,9.0,12.6][0.,17.0,20.7][1.,9.60,16.2][1.,18.5,21.7][2.,9.0,15.1][3.,7.0,12.5][3.,15.5,21.5][4.,8.0,11.5][4.,15.9,17.0][4.,19.5,20.7][5.,9.40,15.0][5.,19.3,20.6][6.,7.40,9.30][6.,11.8,19.5][7.,8.59,16.1][8.,8.5,15.6][8.,16.9,18.9][9.,7.0,14.1][9.,14.1,15.5][10,8.5,10.4][10,10.9,13.0][10,13.0,15.5][11,8.5,12.3][11,13.3,20.8][12,7.0,10.6][12,13.3,21.3][13,9.19,16.8]
39  4633.593000000001  消费数 14711.19  四个目标值 -4633.593000000001 26 13.745991627019047 92.13246905231546 6 10 规划路径 76 25 26 29 54 41 61 45 46 53 40 58 59 33 34 6 37 66 48 20 42 3 56 44 38 68 规划时间 [12,11.8,7][0.,10.1,16.6][1.,7.0,13.2][1.,14.2,16.9][2.,8.5,14.1][3.,10.0,13.5][3.,15.2,18.0][4.,8.5,14.5][4.,15.9,17.2][4.,17.2,19.7][5.,7.0,8.09][5.,8.40,12.8][5.,13.9,15.0][5.,15.4,16.5][5.,18.9,20.1][6.,8.5,16.0][7.,8.5,16.5][8.,7.5,11.0][8.,14.5,17.5][9.,8.5,14.0][10,9.0,11.3][10,12.4,16.5][10,19.6,21.6][11,9.0,15.0][11,16.0,17.6][11,18.6,19.8][12,7.5,8.60]
40  6499.939  消费数 17756.94  四个目标值 -6499.939 27 13.749651381140517 118.94420321422433 15 6 规划路径 19 78 26 65 73 46 33 29 49 43 69 60 53 52 24 6 12 66 35 23 4 3 56 44 38 68 75 规划时间 [13,19.6,7][0.,9.0,10.3][0.,14.7,19.6][1.,8.5,16.2][1.,18.4,21.7][2.,9.0,15.3][3.,7.0,14.2][3.,17.2,21.5][4.,7.90,12.4][5.,8.0,15.8][5.,18.3,20.3][6.,8.90,10.5][6.,14.8,20.8][7.,7.5,9.90][7.,12.4,15.5][7.,19.5,21.6][8.,8.30,15.5][8.,17.4,20.4][9.,7.30,14.0][10,7.5,13.3][10,15.0,19.8][11,7.0,14.8][11,15.0,17.6][12,8.5,11.3][12,12.3,18.5][12,19.6,21.8][13,9.60,13.1][13,16.0,17.0]
41  6270.508000000002  消费数 16764.93  四个目标值 -6270.508000000002 29 13.517532466606308 100.89354087509102 12 13 规划路径 19 25 26 65 56 17 33 29 74 43 40 60 53 13 69 6 12 66 48 20 61 34 46 44 38 68 78 73 9 规划时间 [13,17.6,7][0.,9.0,11.7][0.,13.8,18.5][0.,19.4,21.2][1.,8.39,16.0][2.,8.5,11.7][2.,13.6,17.2][2.,18.9,20.7][3.,7.09,14.7][4.,8.5,12.2][4.,16.9,20.5][5.,9.0,10.6][5.,11.9,15.6][6.,8.0,10.8][6.,15.1,16.5][7.,8.5,11.4][7.,12.1,13.5][7.,15.3,22.0][8.,8.90,14.5][9.,8.5,10.4][9.,12.8,15.3][10,8.5,11.4][10,14.3,17.1][10,20.5,21.5][11,8.10,13.1][11,14.1,18.6][12,7.0,14.0][12,17.3,19.8][13,7.30,9.30][13,10.8,12.8]
42  5377.119  消费数 14756.97  四个目标值 -5377.119 27 12.606260990236526 91.1900259371582 8 13 规划路径 39 25 26 65 15 17 33 29 74 43 40 1 10 13 69 6 12 66 48 20 61 34 46 44 38 68 78 规划时间 [11,19.1,7][0.,9.1,13.3][0.,14.5,20.0][0.,20.9,22.0][1.,9.20,11.8][1.,15.8,17.6][1.,17.7,19.7][2.,7.0,10.7][2.,12.1,15.6][3.,8.5,13.0][3.,17.7,21.0][4.,9.0,10.7][4.,13.4,15.9][4.,17.7,21.7][5.,8.5,10.0][5.,11.6,13.1][5.,14.0,17.4][5.,19.1,21.1][6.,8.09,15.0][7.,8.5,15.5][8.,9.0,14.0][9.,8.5,10.5][9.,13.4,15.3][9.,18.6,20.5][10,7.09,10.8][10,11.9,17.8][10,20.6,21.6][11,9.89,16.6]
43  3790.9530000000004  消费数 12257.19  四个目标值 -3790.9530000000004 25 12.62895068791563 83.62587561654684 8 9 规划路径 19 25 26 29 54 60 47 45 46 53 40 58 59 33 34 6 37 66 48 20 42 3 56 44 38 规划时间 [10,8.30,7][0.,9.0,12.6][0.,14.7,15.8][0.,16.7,20.7][1.,8.5,11.0][1.,13.0,16.2][1.,17.9,20.5][2.,7.0,12.0][2.,12.1,13.7][2.,13.7,16.2][3.,8.0,10.5][3.,10.7,16.9][3.,18.0,20.2][4.,8.0,13.7][4.,16.0,20.0][5.,8.5,13.3][5.,15.0,16.8][6.,7.5,11.3][6.,14.8,16.1][7.,8.5,15.0][8.,9.0,13.5][8.,14.5,16.1][8.,19.4,21.9][9.,9.19,16.5][9.,17.5,19.1][9.,20.3,21.5]
44  6014.085  消费数 16448.51  四个目标值 -6014.085 27 12.605612399827582 98.07578597340952 12 12 规划路径 19 25 26 65 73 17 33 29 74 43 40 60 53 13 69 6 12 66 48 20 61 34 46 44 38 68 78 规划时间 [13,15.0,7][0.,9.0,16.3][0.,18.4,19.6][0.,20.5,21.7][1.,8.89,16.2][1.,18.5,20.1][2.,10.6,14.5][2.,16.2,17.7][3.,8.5,14.9][4.,8.5,12.0][4.,16.7,18.9][4.,19.7,21.5][5.,7.79,10.4][5.,12.0,16.3][6.,8.5,11.0][6.,12.6,16.6][7.,8.5,12.6][7.,14.5,17.5][8.,8.5,12.6][9.,8.5,16.5][10,9.0,10.9][10,13.0,16.3][11,8.5,15.3][11,18.6,21.1][12,7.80,12.5][12,13.6,17.1][12,19.8,21.6][13,9.89,12.6]
45  5096.629999999998  消费数 15884.43  四个目标值 -5096.629999999998 30 17.404910336425655 117.71898142989097 7 7 规划路径 39 25 26 29 54 41 61 45 46 53 67 21 43 70 34 22 37 36 35 1 4 3 56 44 38 68 75 73 9 31 规划时间 [13,14.8,7][0.,9.1,15.3][0.,16.5,20.0][0.,20.9,21.9][1.,7.60,10.7][1.,12.7,16.7][1.,18.5,21.7][2.,8.29,10.7][2.,12.1,16.9][2.,17.0,19.2][3.,8.0,11.5][3.,14.4,16.0][4.,8.5,15.5][4.,17.5,21.5][5.,12.4,16.6][6.,7.40,9.30][6.,9.80,11.0][6.,12.1,13.8][6.,13.9,16.6][7.,7.5,15.0][8.,8.5,12.5][8.,13.0,17.8][8.,17.9,19.5][9.,8.5,14.0][9.,15.0,21.9][10,8.0,12.3][10,15.0,20.6][11,8.5,10.3][11,12.8,17.1][12,8.0,15.8][13,8.0,12.3]
46  5034.394999999999  消费数 15837.2  四个目标值 -5034.394999999999 30 17.606115254895006 103.9310378422842 8 6 规划路径 19 25 26 29 54 41 61 45 46 53 67 21 43 70 34 22 37 36 35 1 4 3 56 44 38 68 75 73 9 55 规划时间 [12,15.1,7][0.,9.0,16.4][0.,18.5,20.9][1.,7.0,9.39][1.,10.1,11.7][1.,13.7,14.7][1.,16.5,19.5][2.,8.5,12.8][2.,14.2,15.3][2.,15.5,21.4][3.,8.59,16.5][4.,8.5,11.2][4.,12.9,15.5][4.,17.5,18.5][5.,9.40,10.4][5.,16.0,17.3][6.,9.0,11.0][6.,12.0,14.4][6.,14.5,15.9][6.,15.9,17.0][7.,8.5,16.0][7.,16.5,17.6][7.,17.8,20.1][8.,7.5,9.80][8.,10.8,18.1][8.,19.3,21.9][9.,9.59,16.0][10,7.0,13.9][10,16.3,19.6][11,8.0,13.0][12,8.5,14.3]
47  3940.5389999999998  消费数 14783.97  四个目标值 -3940.5389999999998 30 16.997641754205922 125.80752364910485 8 6 规划路径 43 25 26 29 54 60 47 45 46 53 40 58 59 6 34 22 37 36 35 1 4 3 56 44 38 68 75 73 9 31 规划时间 [13,18.6,7][0.,8.0,15.8][0.,17.6,21.4][1.,7.30,14.1][1.,14.7,17.2][2.,10.0,16.7][2.,18.4,20.0][3.,7.0,8.5][3.,8.59,15.0][3.,15.0,20.5][4.,7.79,9.09][4.,9.40,13.2][4.,14.2,18.7][5.,8.0,15.1][6.,8.5,11.5][6.,13.4,16.3][7.,9.0,16.8][8.,7.5,8.80][8.,8.90,13.9][8.,13.9,17.0][9.,8.5,12.5][9.,13.0,14.4][9.,14.5,21.0][10,8.30,14.4][10,15.4,19.1][10,20.1,21.6][11,9.39,15.8][12,7.0,12.1][12,14.5,18.8][13,8.0,10.1][13,14.3,16.1]
48  7420.749  消费数 18665.75  四个目标值 -7420.749 28 13.914203329292981 108.86709451428632 15 8 规划路径 19 78 26 23 67 46 33 29 49 43 69 60 53 52 24 6 12 66 48 65 61 3 56 44 38 68 75 73 规划时间 [13,19.8,7][0.,9.0,11.4][0.,15.8,18.3][1.,7.19,8.20][1.,8.89,14.0][1.,15.1,16.5][2.,7.0,11.5][2.,14.5,20.5][3.,7.0,14.5][4.,8.0,13.9][4.,16.4,20.5][5.,9.19,14.4][5.,18.5,19.5][6.,8.0,12.0][6.,14.5,16.5][6.,20.5,21.6][7.,8.30,13.5][7.,15.4,19.8][8.,8.5,14.9][9.,8.5,10.3][9.,14.6,18.4][10,7.19,14.0][10,17.8,20.6][11,8.0,14.1][11,15.1,21.3][12,7.5,10.8][12,13.6,15.3][13,7.0,10.6][13,13.1,15.3]
49  3577.1259999999993  消费数 14062.09  四个目标值 -3577.1259999999993 28 16.375530010639125 94.30268867025994 8 5 规划路径 43 25 26 29 54 14 47 45 46 53 40 58 59 33 34 22 37 36 35 1 4 3 56 44 38 68 75 73 规划时间 [11,8.60,7][0.,8.0,9.2][0.,11.0,13.7][0.,14.6,17.6][1.,8.5,10.5][1.,12.5,14.1][1.,16.7,18.7][2.,7.0,15.0][2.,15.1,16.7][2.,16.7,19.9][3.,7.09,10.2][3.,10.5,17.0][3.,18.0,19.2][4.,8.0,10.4][4.,12.7,17.2][5.,8.5,12.4][5.,12.9,14.4][5.,15.5,17.3][6.,9.0,16.0][6.,16.0,17.3][7.,8.5,15.4][7.,15.9,17.3][7.,17.4,18.5][8.,8.5,11.5][8.,12.5,18.6][8.,19.8,21.4][9.,9.09,15.3][10,7.0,9.80][10,12.1,19.1]
50  4835.102  消费数 13556.96  四个目标值 -4835.102 26 12.244776670034417 81.64455678521487 7 12 规划路径 39 25 26 65 15 17 33 29 74 43 40 1 10 13 69 6 12 66 48 20 4 3 56 44 38 68 规划时间 [10,12.6,7][0.,9.1,15.6][0.,16.8,20.5][1.,7.0,15.0][1.,17.2,18.7][2.,7.70,10.7][2.,10.8,16.5][2.,18.2,21.0][3.,7.5,11.4][3.,15.2,16.4][4.,7.0,10.0][4.,10.7,12.4][4.,15.0,16.7][4.,18.5,20.0][5.,8.5,13.9][5.,15.5,16.9][6.,8.5,11.0][6.,12.9,17.6][7.,8.5,11.0][7.,15.5,16.5][8.,9.0,10.1][8.,13.5,17.5][8.,17.6,19.9][9.,7.19,12.0][9.,13.0,16.5][9.,17.5,19.1][10,7.0,9.5]
51  4932.230999999999  消费数 15690.04  四个目标值 -4932.230999999999 29 16.843946215102605 114.35774685613201 7 7 规划路径 39 25 26 29 54 41 61 45 46 53 67 21 43 70 34 22 37 36 35 1 4 3 56 44 38 68 75 73 9 规划时间 [13,16.8,7][0.,9.1,10.8][0.,12.0,19.3][0.,20.2,21.2][1.,8.5,14.5][2.,10.0,13.1][2.,14.7,19.9][3.,8.5,11.2][3.,12.5,16.7][3.,16.7,19.2][4.,8.0,11.0][4.,13.7,16.2][5.,8.5,11.5][5.,13.5,21.1][6.,12.0,16.4][7.,7.09,8.19][7.,8.69,14.8][7.,15.9,17.4][8.,9.0,12.5][8.,12.5,16.5][9.,8.5,14.3][9.,14.8,17.0][9.,17.1,21.4][10,8.69,14.3][10,15.3,19.8][11,7.0,11.1][11,13.8,17.8][12,7.0,10.8][12,13.1,18.6][13,8.0,12.1]
52  4546.019  消费数 14959.37  四个目标值 -4546.019 29 17.273780762111585 111.66263746334505 7 6 规划路径 76 25 26 29 54 41 61 45 46 53 67 21 43 30 34 22 37 36 35 1 4 3 56 44 38 68 75 73 9 规划时间 [12,19.8,7][0.,10.1,17.7][1.,7.19,9.39][1.,10.2,12.6][1.,13.2,16.6][2.,10.0,15.7][2.,17.5,19.2][3.,8.5,12.9][3.,14.2,16.9][3.,17.0,18.9][4.,8.0,15.7][5.,8.5,11.9][5.,13.5,15.5][5.,17.5,20.8][6.,7.69,13.5][6.,15.1,17.3][7.,9.0,11.0][7.,12.0,14.8][7.,14.9,16.5][7.,16.5,17.5][8.,8.5,14.9][8.,15.4,17.9][8.,18.0,20.5][9.,7.80,14.9][9.,15.9,21.0][10,7.19,12.8][10,15.5,18.8][11,7.0,8.60][11,11.0,17.6][12,8.0,15.1]
53  7461.963  消费数 18736.96  四个目标值 -7461.963 29 14.514436238439583 98.73237156293425 15 9 规划路径 19 78 26 23 67 46 33 29 49 43 69 60 53 52 24 6 12 66 48 65 61 3 56 44 38 68 75 73 79 规划时间 [13,12.8,7][0.,9.0,12.0][0.,16.4,18.2][1.,7.10,12.2][1.,12.8,20.5][2.,8.5,11.2][2.,16.2,20.0][3.,8.0,9.59][3.,11.0,12.9][4.,8.0,12.0][4.,14.5,17.2][5.,8.5,13.0][5.,17.1,19.6][6.,8.0,9.30][6.,11.8,18.3][7.,7.30,14.9][7.,16.5,17.5][7.,19.3,20.9][8.,7.80,12.1][9.,8.5,10.8][9.,15.1,20.3][10,9.09,15.4][10,19.1,20.3][11,7.69,9.69][11,10.6,13.6][11,14.8,20.3][12,8.0,9.19][12,12.1,16.8][12,19.3,20.8][13,8.39,10.5]
54  6738.056999999999  消费数 17451.89  四个目标值 -6738.056999999999 27 14.27033765013136 101.66115677193874 14 6 规划路径 19 78 26 76 73 46 33 29 49 43 69 60 53 52 24 25 12 66 35 1 4 3 56 44 38 68 75 规划时间 [12,19.6,7][0.,9.0,16.7][1.,7.0,11.6][1.,15.5,16.7][2.,7.0,8.89][2.,11.2,18.7][3.,10.0,12.2][3.,15.2,20.7][4.,7.20,10.5][4.,14.9,16.7][4.,19.2,20.7][5.,9.40,11.4][5.,15.5,21.5][6.,8.19,11.6][6.,14.1,19.5][7.,8.5,13.1][7.,13.3,15.6][7.,19.0,21.5][8.,8.40,15.8][9.,7.5,13.5][10,8.5,12.0][10,12.5,16.1][10,16.3,18.0][11,8.5,10.6][11,11.6,14.6][11,15.8,17.1][11,19.8,21.1][12,9.0,16.8]
55  7174.845999999999  消费数 18190.89  四个目标值 -7174.845999999999 29 14.993821787611111 111.60758298391647 12 8 规划路径 39 78 26 23 67 46 33 29 49 43 69 60 53 52 24 6 12 66 48 1 4 3 56 44 8 68 75 73 9 规划时间 [13,19.1,7][0.,9.1,10.2][0.,14.7,20.2][1.,9.10,16.6][1.,17.2,18.5][2.,8.5,12.8][2.,17.7,19.7][3.,7.79,14.0][3.,15.4,17.0][4.,8.0,14.7][4.,17.2,19.5][5.,8.09,12.0][5.,16.3,21.6][6.,8.40,10.3][6.,12.8,19.5][7.,8.59,10.5][7.,12.0,16.5][7.,18.3,21.1][8.,8.09,10.0][8.,14.4,15.8][9.,8.5,13.0][9.,13.5,17.5][9.,17.5,21.1][10,8.5,14.8][10,15.8,20.3][11,10.1,11.3][11,13.0,17.1][12,7.0,11.8][12,14.1,17.1][13,8.0,14.5]
56  3652.9210000000003  消费数 12415.0  四个目标值 -3652.9210000000003 27 14.43281146947053 88.00422920114386 9 7 规划路径 19 25 24 29 54 60 61 45 46 53 39 41 59 23 34 26 20 36 35 1 4 3 5 44 38 78 75 规划时间 [10,11.4,7][0.,9.0,11.2][0.,13.3,15.9][0.,16.0,19.1][1.,8.5,13.2][1.,15.2,16.5][1.,18.1,20.2][2.,8.5,14.3][2.,15.7,16.9][2.,17.0,19.9][3.,7.09,11.4][3.,12.5,15.7][3.,16.7,18.2][4.,8.0,12.2][4.,15.5,18.0][5.,8.5,14.5][5.,15.6,20.9][6.,8.80,14.0][6.,15.0,16.4][6.,16.4,17.5][7.,8.5,9.69][7.,10.1,17.1][7.,17.3,19.5][8.,9.0,15.9][8.,19.3,22.0][9.,8.09,9.5][9.,13.6,17.6][10,7.0,8.69]
57  4372.126999999999  消费数 14800.3  四个目标值 -4372.126999999999 27 14.59397813828987 124.6192721802507 11 7 规划路径 19 25 26 29 54 60 47 45 46 53 65 69 43 52 24 6 62 66 35 23 4 3 56 44 38 68 75 规划时间 [12,18.3,7][0.,9.0,16.2][0.,18.3,20.6][1.,7.0,10.7][1.,11.3,15.6][2.,10.0,16.0][2.,17.7,21.5][3.,7.90,9.5][3.,9.59,16.0][3.,16.2,21.4][4.,8.59,12.5][4.,15.2,18.9][5.,8.5,11.5][5.,15.0,19.0][6.,7.0,9.5][6.,13.5,20.3][7.,8.5,15.5][7.,16.6,19.8][8.,8.5,12.9][8.,16.3,17.4][8.,19.1,20.5][9.,7.0,14.3][9.,14.4,21.3][10,8.59,15.3][10,16.3,21.3][11,7.5,15.3][11,18.0,20.8][12,8.69,15.6]
58  2649.0499999999997  消费数 11493.31  四个目标值 -2649.0499999999997 26 14.117833143844406 103.50870424794093 7 7 规划路径 43 25 26 29 54 60 61 45 46 53 40 58 59 6 34 22 37 36 35 1 4 3 56 44 38 42 规划时间 [11,15.0,7][0.,8.0,14.9][0.,16.7,21.1][1.,7.0,14.1][1.,14.7,16.4][2.,10.0,12.2][2.,13.8,19.7][3.,8.5,9.5][3.,10.7,15.5][3.,15.7,17.2][4.,8.0,12.7][4.,13.0,17.4][4.,18.5,19.5][5.,8.0,12.9][6.,8.5,16.1][7.,8.5,10.5][7.,11.0,14.8][7.,15.9,17.4][8.,9.0,14.0][8.,14.0,17.3][9.,8.5,10.6][9.,11.1,14.0][9.,14.1,21.5][10,8.90,10.5][10,11.5,17.0][10,18.1,21.8][11,7.80,14.0]
59  5342.760000000001  消费数 15644.23  四个目标值 -5342.760000000001 24 11.591005705977373 106.94935818515275 10 9 规划路径 19 78 26 23 67 7 33 29 74 43 40 60 53 13 69 6 12 66 52 20 61 3 5 44 规划时间 [13,7.69,7][0.,9.0,15.6][0.,20.0,21.9][1.,10.7,12.0][1.,12.7,18.6][2.,8.5,10.3][2.,12.0,16.2][2.,20.0,21.5][3.,7.90,15.7][4.,8.5,15.7][4.,20.5,21.5][5.,7.29,12.5][5.,13.8,20.3][6.,7.0,14.8][7.,8.5,15.4][8.,8.5,14.6][8.,15.5,17.4][8.,19.1,20.3][9.,7.19,10.1][9.,14.6,21.6][10,10.0,15.0][11,8.5,14.6][11,18.3,19.5][12,9.0,13.8][12,17.3,21.8]
60  4271.146  消费数 13857.32  四个目标值 -4271.146 26 13.628154714533087 100.36417543320454 10 8 规划路径 19 25 26 29 54 60 47 45 46 53 65 69 43 52 24 6 62 66 35 23 4 34 56 44 38 68 规划时间 [10,14.0,7][0.,9.0,16.5][0.,18.6,20.3][1.,7.0,8.0][1.,8.70,13.3][1.,15.3,16.6][1.,18.2,21.2][2.,7.70,9.39][2.,9.5,15.7][2.,15.7,21.0][3.,8.29,11.2][3.,14.0,21.2][4.,7.09,10.4][4.,14.0,20.2][5.,7.59,14.9][5.,18.9,21.3][6.,7.90,9.30][6.,10.5,14.1][6.,15.3,16.8][7.,7.5,13.8][7.,15.5,20.1][8.,7.0,14.6][8.,16.4,17.4][9.,8.5,12.0][9.,13.0,16.8][9.,17.9,20.9][10,8.59,10.8]
61  4066.4260000000004  消费数 13386.15  四个目标值 -4066.4260000000004 25 12.319576945086427 99.45927499666783 11 9 规划路径 19 25 26 29 54 60 47 45 46 53 65 69 59 33 24 6 12 66 48 20 4 3 56 44 38 规划时间 [11,13.3,7][0.,9.0,13.0][0.,15.1,21.1][1.,7.0,14.2][1.,15.0,17.2][2.,10.0,15.5][2.,17.0,20.7][3.,7.09,11.5][3.,11.7,15.7][3.,15.7,18.2][4.,8.0,14.2][4.,17.0,18.5][5.,8.5,9.90][5.,14.0,16.9][5.,19.3,20.5][6.,7.0,14.1][6.,15.8,17.0][6.,18.9,21.0][7.,7.90,14.0][8.,8.5,14.5][9.,9.0,12.5][9.,15.8,17.8][9.,17.9,21.9][10,9.19,15.8][10,16.8,20.3][11,7.0,11.5]
62  4436.467  消费数 15284.69  四个目标值 -4436.467 29 16.005323455254505 121.19230863612592 10 7 规划路径 19 25 26 29 54 60 47 45 46 53 65 69 59 33 34 22 37 36 66 1 4 3 56 44 38 68 75 73 9 规划时间 [12,19.1,7][0.,9.0,15.7][0.,17.8,19.3][0.,20.2,21.4][1.,7.10,12.8][1.,14.8,16.7][1.,18.2,21.9][2.,8.29,13.3][2.,13.5,16.2][2.,16.4,20.0][3.,7.29,14.5][3.,17.4,18.4][4.,8.5,15.7][5.,8.0,14.0][5.,16.4,21.3][6.,7.19,10.4][6.,10.9,12.5][6.,13.5,14.8][6.,14.9,16.6][7.,8.5,16.0][8.,8.5,9.80][8.,10.3,16.8][8.,16.9,19.6][9.,7.0,9.69][9.,10.6,16.8][9.,17.9,21.5][10,9.19,16.8][11,7.0,14.0][11,16.3,19.6][12,8.0,14.3]
63  4108.28  消费数 14051.27  四个目标值 -4108.28 29 16.778576234974544 94.91308905517565 9 6 规划路径 55 25 26 29 54 60 47 45 46 53 65 69 59 33 34 22 37 36 35 1 4 3 56 44 38 68 75 73 9 规划时间 [10,14.1,7][0.,7.7,13.7][0.,15.9,18.0][0.,18.9,21.7][1.,7.39,11.0][1.,13.0,16.1][1.,17.7,21.9][2.,8.29,14.7][2.,14.7,16.0][2.,16.2,19.4][3.,8.0,10.5][3.,13.4,20.9][4.,8.5,11.4][4.,15.5,16.9][4.,19.2,20.2][5.,8.5,14.5][5.,15.0,16.8][6.,7.5,13.4][6.,13.5,15.1][6.,15.1,16.4][7.,8.5,16.4][7.,16.9,18.0][7.,18.0,20.0][8.,7.30,13.5][8.,14.5,17.6][8.,18.8,20.5][9.,8.30,10.4][9.,13.3,14.5][9.,16.9,20.3][10,8.0,9.5]
64  6447.950000000001  消费数 16487.95  四个目标值 -6447.950000000001 25 11.854069581590174 89.21352285763285 14 8 规划路径 19 78 26 23 67 46 33 29 49 43 69 60 53 52 24 6 12 66 48 65 61 3 56 44 38 规划时间 [11,13.5,7][0.,9.0,10.0][0.,14.4,16.2][0.,20.1,21.8][1.,7.5,14.2][1.,15.3,17.2][2.,7.20,8.79][2.,11.7,12.8][2.,14.2,16.5][3.,8.0,10.7][3.,13.2,20.0][4.,8.70,14.2][4.,18.4,21.2][5.,8.0,14.5][5.,17.0,19.0][6.,8.09,10.1][6.,11.8,13.3][6.,15.0,20.5][7.,7.5,13.0][8.,8.5,9.80][8.,14.1,20.0][9.,8.80,13.8][9.,17.5,19.1][10,8.5,15.1][10,16.1,21.0][11,7.10,11.6]
65  7054.071  消费数 17669.07  四个目标值 -7054.071 27 13.321848031356879 104.85564163368967 13 9 规划路径 39 78 26 23 67 46 33 29 49 43 69 60 53 52 24 6 12 66 48 65 61 3 56 44 38 68 75 规划时间 [13,20.1,7][0.,9.1,16.4][0.,20.9,22.0][1.,10.8,13.6][1.,14.2,18.0][2.,8.5,14.7][2.,19.5,20.7][3.,8.79,13.7][3.,15.0,16.7][4.,8.0,10.5][4.,13.0,20.0][5.,8.59,10.8][5.,15.0,19.5][6.,8.0,12.5][6.,15.0,21.5][7.,10.5,15.0][8.,8.5,13.0][8.,14.9,17.9][9.,8.5,13.0][10,8.5,11.0][10,15.4,18.1][11,7.0,9.5][11,13.1,19.8][12,7.10,9.39][12,10.3,16.3][12,17.3,19.3][13,7.10,13.0][13,15.8,17.3]
66  3776.1399999999994  消费数 14229.57  四个目标值 -3776.1399999999994 29 16.436677632882873 118.43364359418538 8 6 规划路径 43 25 26 29 54 60 47 45 46 53 40 58 59 6 34 22 37 36 35 1 4 3 56 44 38 68 75 73 9 规划时间 [12,17.3,7][0.,8.0,11.2][0.,13.0,20.2][1.,7.0,9.29][1.,10.0,13.7][1.,15.7,16.9][1.,18.5,19.7][2.,7.0,13.2][2.,13.3,15.1][2.,15.2,21.5][3.,8.70,15.0][3.,15.4,19.4][4.,8.29,10.0][4.,10.5,16.2][5.,8.5,14.3][5.,16.0,17.3][6.,9.0,15.0][6.,16.0,17.1][7.,9.0,16.4][7.,16.4,17.4][8.,8.5,11.3][8.,11.8,15.0][8.,15.0,17.6][9.,8.5,16.5][9.,17.5,20.8][10,7.0,14.9][10,17.6,19.3][11,7.19,12.3][11,14.8,20.1][12,8.0,12.6]
67  6121.193999999998  消费数 16319.92  四个目标值 -6121.193999999998 28 15.28032333801061 93.34345818542707 13 5 规划路径 19 78 26 23 67 46 33 29 49 43 69 60 53 52 24 6 37 36 35 1 4 3 56 44 38 68 75 73 规划时间 [12,9.0,7][0.,9.0,13.6][0.,18.0,19.6][1.,8.5,14.1][1.,14.7,20.9][2.,8.5,10.7][2.,15.7,21.4][3.,9.40,14.5][3.,15.9,17.0][4.,8.0,10.2][4.,12.7,19.7][5.,8.30,11.3][5.,15.5,19.6][6.,8.0,12.0][6.,14.5,16.6][6.,20.6,21.8][7.,8.40,13.5][7.,16.0,17.3][8.,9.0,12.4][8.,12.4,14.3][9.,8.5,15.8][9.,16.3,17.5][9.,17.5,19.0][10,8.5,9.69][10,10.6,14.3][10,15.4,20.6][11,8.30,9.60][11,12.5,15.6][11,18.1,19.5]
68  5230.639999999999  消费数 15603.24  四个目标值 -5230.639999999999 28 15.110388066016968 88.92667152325846 7 10 规划路径 76 25 26 29 54 41 61 45 46 53 40 58 59 33 34 6 37 66 48 20 42 3 56 44 38 68 75 73 规划时间 [12,11.1,7][0.,10.1,13.3][0.,17.8,21.0][1.,7.0,9.10][1.,9.79,14.1][2.,10.0,14.7][2.,16.5,17.7][3.,8.5,10.2][3.,11.5,14.0][3.,14.0,16.5][4.,8.0,9.90][4.,10.2,14.2][4.,15.2,20.0][5.,8.0,15.8][5.,18.1,19.4][6.,8.5,9.90][6.,11.6,16.1][7.,7.5,10.4][7.,13.9,16.0][8.,8.5,12.6][8.,15.0,16.1][8.,17.3,18.9][9.,7.09,14.8][10,8.5,12.9][10,13.9,17.6][10,18.6,20.5][11,8.19,9.5][11,12.3,16.8][11,19.3,21.6]
69  6312.789000000001  消费数 16147.79  四个目标值 -6312.789000000001 27 12.968437262570529 84.17799343400986 15 7 规划路径 19 78 26 65 73 46 33 29 21 43 51 60 53 52 24 6 12 66 48 20 42 3 56 44 38 68 75 规划时间 [10,19.5,7][0.,9.0,13.8][0.,18.2,19.2][1.,8.10,12.2][1.,14.3,18.2][1.,20.5,21.6][2.,12.8,20.2][3.,8.20,10.9][3.,12.2,14.2][3.,15.4,16.7][3.,18.7,20.7][4.,8.40,11.7][4.,13.5,20.7][5.,7.40,10.6][5.,13.1,21.0][6.,10.0,12.3][6.,13.9,15.6][6.,17.5,18.8][7.,8.5,15.8][8.,8.5,10.5][8.,12.9,15.0][8.,16.0,18.5][9.,8.5,13.5][9.,15.9,17.1][9.,18.1,19.5][9.,20.6,21.8][10,9.5,12.6][10,15.5,16.8]
70  3706.264  消费数 13872.93  四个目标值 -3706.264 27 14.632821758755204 123.85460175510826 8 8 规划路径 19 25 24 29 54 60 61 45 46 53 39 41 59 23 34 26 20 36 35 1 4 3 56 44 38 68 75 规划时间 [13,17.3,7][0.,9.0,15.3][0.,17.4,21.5][1.,7.0,11.5][1.,12.3,17.4][2.,10.0,14.2][2.,15.7,20.7][3.,8.5,15.7][4.,8.5,10.2][4.,10.4,13.0][4.,15.2,16.9][5.,8.5,15.0][5.,16.0,19.8][6.,8.0,15.0][6.,18.3,19.9][7.,8.5,14.6][7.,15.9,20.9][8.,8.80,16.1][9.,9.0,13.5][9.,13.5,17.1][10,8.5,16.0][10,16.5,17.8][10,18.0,21.3][11,8.69,16.1][11,17.1,19.8][12,7.0,10.8][12,13.6,15.1][13,7.0,14.6]
71  3797.4679999999994  消费数 14583.79  四个目标值 -3797.4679999999994 29 16.564942098316262 96.39208564296774 8 6 规划路径 19 25 26 29 54 41 61 45 46 53 40 58 59 33 34 22 37 36 35 1 4 3 56 44 38 68 75 73 9 规划时间 [12,14.1,7][0.,9.0,13.8][0.,15.9,19.1][0.,20.0,21.4][1.,7.10,10.3][1.,12.3,13.7][1.,15.3,17.5][2.,8.5,16.4][3.,8.5,14.5][3.,14.7,18.0][4.,8.0,11.7][4.,12.0,14.7][4.,15.7,19.5][5.,8.0,10.5][5.,13.0,16.1][6.,8.5,11.5][6.,12.0,13.4][6.,14.5,16.5][7.,9.0,11.0][7.,11.0,13.0][7.,15.6,16.8][8.,7.0,11.1][8.,11.3,15.0][9.,8.5,12.6][9.,13.6,18.0][9.,19.1,21.6][10,9.40,15.1][11,7.0,14.1][11,16.5,18.5][12,8.0,9.39]
72  4581.3859999999995  消费数 15691.8  四个目标值 -4581.3859999999995 29 15.523303690835132 108.49483297668283 8 8 规划路径 43 25 24 29 54 60 61 45 46 53 40 58 59 33 34 22 37 66 48 1 4 3 56 44 8 68 75 73 9 规划时间 [13,17.0,7][0.,8.0,9.7][0.,11.5,19.5][0.,19.6,20.8][1.,8.5,11.6][1.,13.6,14.6][1.,16.2,17.2][2.,8.5,16.4][3.,8.5,9.90][3.,10.0,17.4][4.,8.0,14.2][4.,14.5,21.2][5.,7.40,11.9][5.,12.3,16.8][5.,19.1,20.9][6.,8.5,10.9][6.,11.4,12.8][6.,13.9,14.9][7.,8.5,16.0][8.,8.5,11.5][8.,15.8,16.8][9.,7.0,12.5][9.,12.6,15.6][10,8.5,10.1][10,11.1,17.8][11,7.69,9.0][11,10.6,14.8][12,7.0,12.1][12,14.5,18.3][13,8.0,12.3]
73  5914.878999999999  消费数 15973.71  四个目标值 -5914.878999999999 25 12.484791522923594 83.14278517563928 15 6 规划路径 19 78 26 65 73 46 33 29 49 43 69 60 53 52 24 25 12 66 35 1 4 3 56 44 38 规划时间 [11,8.80,7][0.,9.0,12.4][0.,16.8,18.3][1.,7.19,8.39][1.,10.6,14.8][1.,17.1,21.0][2.,12.2,14.6][2.,17.5,21.7][3.,8.20,12.5][4.,8.0,14.5][4.,17.0,18.5][5.,7.09,15.0][5.,19.1,21.9][6.,8.59,11.4][6.,13.9,15.9][6.,19.9,21.5][7.,7.0,8.59][7.,11.9,14.5][7.,16.4,17.4][8.,7.5,12.3][8.,14.9,17.0][9.,7.0,14.5][9.,14.6,16.5][10,8.5,10.8][10,11.8,17.3][10,18.3,22.0]
74  3878.6079999999997  消费数 13140.51  四个目标值 -3878.6079999999997 26 13.432251241946842 97.14063085319663 9 8 规划路径 19 25 24 29 54 60 61 45 46 53 39 41 59 23 34 26 12 66 35 1 4 3 56 44 38 68 规划时间 [10,12.9,7][0.,9.0,11.0][0.,13.1,16.1][0.,16.2,20.8][1.,8.5,12.7][1.,14.7,16.6][1.,18.2,22.0][2.,8.5,14.5][2.,15.7,16.9][2.,17.0,19.7][3.,8.0,10.4][3.,11.5,17.5][3.,18.5,20.5][4.,7.0,13.2][4.,16.5,18.5][5.,8.5,13.3][5.,14.5,16.6][5.,19.6,21.9][6.,8.80,16.6][7.,7.5,12.0][7.,14.6,17.0][8.,7.0,12.5][8.,12.6,20.3][9.,7.59,13.0][9.,14.0,16.0][9.,17.1,18.9][10,7.0,9.69]
75  6260.315999999999  消费数 16556.13  四个目标值 -6260.315999999999 28 14.926705676902493 91.97935291195606 14 6 规划路径 19 25 26 65 77 46 33 29 49 43 69 60 53 52 24 6 12 36 35 1 4 3 56 44 38 68 75 73 规划时间 [11,10.3,7][0.,9.0,12.7][0.,14.8,17.9][0.,18.8,21.4][1.,8.60,10.0][1.,12.8,14.8][1.,19.7,21.2][2.,9.20,13.1][2.,14.5,16.2][3.,8.0,9.5][3.,12.0,19.2][4.,7.90,15.4][4.,19.5,20.5][5.,7.29,8.80][5.,11.3,12.9][5.,16.9,20.6][6.,7.30,15.1][6.,17.0,20.5][7.,9.90,14.8][7.,14.8,17.0][8.,8.5,12.5][8.,13.0,17.8][8.,17.9,21.9][9.,9.19,11.1][9.,12.1,13.8][9.,14.9,20.0][10,7.80,10.8][10,13.6,15.6][10,18.1,20.8]
76  3909.856999999999  消费数 12776.18  四个目标值 -3909.856999999999 27 15.780302915382887 95.62031483052239 6 7 规划路径 76 25 26 29 54 30 61 45 46 53 40 58 59 33 34 6 37 36 35 1 4 3 56 44 38 68 75 规划时间 [10,20.0,7][0.,10.1,12.4][0.,16.9,19.5][0.,20.4,21.5][1.,7.19,13.2][1.,15.2,16.7][1.,18.5,20.1][2.,7.70,13.7][2.,15.0,17.2][2.,17.2,20.2][3.,7.40,15.2][3.,15.5,18.5][4.,8.29,15.2][4.,15.7,16.9][4.,19.2,21.2][5.,7.20,15.0][6.,8.5,12.9][6.,15.4,16.9][7.,9.0,16.0][7.,16.0,17.4][8.,8.5,12.8][8.,13.3,14.5][8.,14.6,19.0][9.,8.5,9.5][9.,10.5,12.4][9.,13.5,16.1][9.,18.9,21.6][10,9.59,17.3]
77  7021.9980000000005  消费数 18032.0  四个目标值 -7021.9980000000005 26 12.477056150201522 102.13125430135804 14 8 规划路径 19 78 36 65 73 46 33 29 49 43 69 60 53 52 24 63 12 66 48 20 61 3 56 44 38 68 规划时间 [13,18.1,7][0.,9.0,10.5][0.,14.9,19.1][1.,8.29,16.2][1.,19.2,20.7][2.,7.89,9.20][2.,15.5,18.0][3.,7.0,13.9][3.,15.2,17.4][4.,8.0,15.2][4.,17.7,20.2][5.,8.80,11.9][5.,16.0,19.5][6.,8.0,13.5][6.,16.0,20.0][7.,9.09,15.0][8.,9.0,14.3][8.,16.0,17.3][9.,8.5,16.1][10,8.5,13.6][11,9.0,10.1][11,12.3,13.6][11,17.3,20.6][12,8.0,12.3][12,13.3,15.3][12,16.3,21.6][13,9.30,15.0]
78  2744.0829999999996  消费数 11387.18  四个目标值 -2744.0829999999996 26 14.139732451526331 96.85247302367213 8 6 规划路径 43 25 24 29 54 60 61 45 46 53 40 58 59 33 34 22 37 36 35 1 4 3 56 44 38 68 规划时间 [10,15.4,7][0.,8.0,13.9][0.,15.7,20.5][0.,20.6,21.9][1.,7.80,11.3][1.,13.3,14.8][1.,16.5,20.0][2.,8.5,10.5][2.,11.7,13.5][2.,13.6,20.0][3.,7.20,10.9][3.,11.2,16.2][3.,17.2,18.9][4.,8.0,12.2][4.,14.7,19.9][5.,8.5,12.5][5.,13.0,16.6][6.,7.5,10.3][6.,10.4,16.6][7.,7.5,13.0][7.,15.5,16.8][8.,7.0,11.5][8.,11.5,16.1][9.,8.5,10.5][9.,11.5,14.5][9.,15.6,19.1][10,7.0,12.1]
79  5549.945999999999  消费数 15134.73  四个目标值 -5549.945999999999 25 12.543367171369297 87.05995045434389 14 6 规划路径 19 78 26 65 73 46 33 29 49 43 69 60 53 52 24 25 37 32 35 20 4 3 56 44 38 规划时间 [10,21.8,7][0.,9.0,12.1][0.,16.5,17.9][1.,7.0,8.70][1.,10.8,12.1][1.,14.2,16.2][2.,7.5,13.3][2.,16.4,21.2][3.,7.70,12.5][4.,8.0,14.4][4.,16.9,19.0][5.,7.70,15.0][5.,19.3,20.5][6.,7.19,14.8][6.,17.3,20.8][7.,9.80,16.0][7.,16.0,19.4][8.,7.5,8.80][8.,9.80,15.4][8.,16.5,17.5][9.,9.0,11.0][9.,14.3,17.3][9.,17.4,19.3][10,8.5,13.0][10,14.0,15.6][10,16.8,20.1]
